Radius_kpc	number_density
1.01999963278043	3.7176888e-08
1.0607978032552452	4.36755375e-08
1.101433934765588	5.089875e-08
1.140832088587363	5.84775555e-08
1.1710005029928008	6.4702785e-08
1.1877650542570963	6.808035499999999e-08
1.2019240189726788	7.1180928e-08
1.2203348861160124	7.526845900000001e-08
1.2442648003892693	8.081766e-08
1.270064644312536	8.700194999999999e-08
1.2929186198616978	9.2472065e-08
1.317256872325425	9.882810000000001e-08
1.3488998413075597	1.0697778e-07
1.381421061477134	1.1605894999999998e-07
1.4066796952590632	1.233036e-07
1.4311086895428948	1.3054041e-07
1.4628683265794495	1.4046879000000002e-07
1.4961835376749377	1.50421425e-07
1.5242065561907632	1.59452125e-07
1.5533184765478418	1.6938369e-07
1.5911610563106837	1.8289592999999998e-07
1.6303064293478822	1.9729531499999997e-07
1.662597554187906	2.0900215e-07
1.6960391556756824	2.2154468000000002e-07
1.739510969064289	2.3944536e-07
1.7852675318519542	2.5918893e-07
1.8236837295490276	2.7535256e-07
1.8633217010382215	2.931503399999999e-07
1.914850091740387	3.1723555499999997e-07
1.9682775791061666	3.4307349999999995e-07
2.0120637480858496	3.6454334e-07
2.0568772441002863	3.8758265e-07
2.115133492607338	4.1856045e-07
2.1727869561665534	4.5047415e-07
2.217665267766779	4.7615995e-07
2.264014893164412	5.027008e-07
2.3242707024930516	5.38769455e-07
2.389290457377174	5.7921381e-07
2.4480749529084047	6.1613825e-07
2.500893173767769	6.503005600000001e-07
2.558374876024644	6.888478800000001e-07
2.6331040056599417	7.40067825e-07
2.708312770630077	7.935187400000001e-07
2.767829682280723	8.3707533e-07
2.828889204873144	8.8206566e-07
2.9082688527887943	9.388154999999999e-07
2.988685550077067	1.008273e-06
3.054301608350447	1.060164e-06
3.123446875270032	1.12014e-06
3.2133331296420606	1.1971875999999999e-06
3.304525418067736	1.2742817499999999e-06
3.3802300222691564	1.3427126999999998e-06
3.461443951262632	1.4189175e-06
3.5670285405127293	1.5206120999999997e-06
3.6736501791354486	1.6222919999999997e-06
3.7615401134651805	1.7066308000000002e-06
3.855781975202222	1.8075511999999999e-06
3.9612369332807416	1.916733e-06
4.0588816132717005	2.01681305e-06
4.1487484229679925	2.1084406000000003e-06
4.250768154999701	2.2243598999999996e-06
4.364098206751571	2.3397304e-06
4.469002232350885	2.4552527999999995e-06
4.566776543513421	2.5531596999999995e-06
4.678356574448991	2.6662272e-06
4.800695992625515	2.7965279999999997e-06
4.91107693522399	2.90151785e-06
5.0119299867114995	2.9890784e-06
5.126232272250202	3.0914222499999998e-06
5.250807828136443	3.18566885e-06
5.361545256456758	3.2635323e-06
5.461199219607172	3.32422125e-06
5.573654260950891	3.3742674e-06
5.695086260926371	3.4250069e-06
5.801156967069885	3.4524321999999997e-06
5.8947830807419335	3.4630505e-06
5.999233397240725	3.4715667000000003e-06
6.104688355319245	3.4561072e-06
6.188721762294537	3.4427154999999996e-06
6.263162462573074	3.4210648499999995e-06
6.333908674461645	3.3921965e-06
6.399210377143949	3.3706511999999998e-06
6.471317716334086	3.3326565999999996e-06
6.547864923150762	3.29476e-06
6.613263849211749	3.2579316e-06
6.681417437668765	3.21200635e-06
6.754885904160468	3.1662036e-06
6.820641315943294	3.1214567999999997e-06
6.891517159003443	3.0677062500000003e-06
6.968226404784589	3.0059343999999997e-06
7.036217954277133	2.953377e-06
7.098473324427359	2.8927884999999994e-06
7.16951120645198	2.822498e-06
7.248035288635216	2.7532732499999997e-06
7.316350916056704	2.68505545e-06
7.385347107128975	2.6162031e-06
7.474987062275006	2.5217555999999996e-06
7.573312305916748	2.4284228499999996e-06
7.666776380624323	2.3354135e-06
7.76250900083451	2.2500800000000006e-06
7.868871377114074	2.1490518000000004e-06
7.986965374421426	2.05580725e-06
8.115689127798158	1.954414e-06
8.255625977516363	1.8455948e-06
8.411539869131532	1.7442039999999999e-06
8.592278130103846	1.6266480999999998e-06
8.780859076956613	1.5266636e-06
8.959976948284202	1.43472e-06
9.163011770767891	1.3347746999999998e-06
9.426940836100242	1.2259456999999997e-06
9.70195336660249	1.11939275e-06
9.936099670264845	1.03756275e-06
10.151287415083951	9.643788e-07
10.348812912775584	9.0759515e-07
10.499638780906327	8.5961925e-07
10.609047489717968	8.275879499999999e-07
10.72247476484852	7.9515975e-07
10.869930222518239	7.5031593e-07
11.016607893158492	7.077119e-07
11.1215443265507	6.764939999999999e-07
11.19951747625473	6.53628885e-07
11.283161989715289	6.2783798e-07
11.39189013487615	5.933164999999999e-07
11.499710861835961	5.593349999999999e-07
11.577424749196839	5.34197265e-07
11.63686064136525	5.1489298e-07
11.701449372603873	4.92665355e-07
11.785385556200483	4.6276775999999993e-07
11.86886803069657	4.33271475e-07
11.929340972237602	4.1138439999999994e-07
11.975943378419812	3.9471411e-07
12.026953244435665	3.7586087e-07
12.093227180904803	3.5017237499999995e-07
12.159598340752623	3.24675225e-07
12.20843688464455	3.0533002500000003e-07
12.246516041295521	2.9115702e-07
12.288224870750671	2.7470674e-07
12.342410700470182	2.5306785e-07
12.397082647083106	2.3164064e-07
12.437948873923	2.1536969999999997e-07
12.470291851231655	2.0278062e-07
12.505972831208437	1.8868185e-07
12.552380790633281	1.7168865e-07
12.5995017215018	1.53321e-07
12.635539187200422	1.4008511999999999e-07
12.664771016391212	1.2905424e-07
12.697243624871444	1.1803805999999998e-07
12.739470979012905	1.0336109e-07
12.782443712390936	8.9470815e-08
12.81478668969959	7.850682e-08
12.839611059056734	7.1068326e-08
12.866185449230178	6.3613368e-08
12.90076456424855	5.4354181e-08
12.93628350526086	4.5179960000000005e-08
12.963570866877982	3.8567606e-08
12.985057233566998	3.383251549999999e-08
13.008390844450997	2.9258488e-08
13.033863369666031	2.4534447e-08
13.055479367526626	2.0836368e-08
13.072493458796208	1.8153324e-08
13.090285337095258	1.5761291e-08
13.110216129725341	1.3226324999999998e-08
13.128137639195968	1.1126576999999998e-08
13.14275355379136	9.606057999999999e-09
13.1559435254994	8.378215999999998e-09
13.171110372573999	7.1768291000000005e-09
13.190781902860927	5.7866305e-09
13.20990250066865	4.580128e-09
13.223060064583793	3.8660608e-09
13.233236111552648	3.39607485e-09
13.242180662391515	3.03555735e-09
13.249796493721709	2.739002e-09
13.257120654915854	2.4939334e-09
13.265060564174991	2.24089495e-09
13.27351899812044	2.0031150999999997e-09
13.281653354136948	1.7935469999999997e-09
13.28939881663872	1.606269e-09
13.296949832383124	1.4545111000000001e-09
13.30479251826358	1.30329955e-09
13.313121321037451	1.1660922e-09
13.321514939397112	1.0437245e-09
13.329843742170985	9.354345e-10
13.338075321566173	8.418910499999999e-10
13.346177269789782	7.696724e-10
13.352431973818414	7.1284612e-10
13.35628850117285	6.8407332e-10
13.359885766184131	6.5961644e-10
13.36458489615383	6.277524749999999e-10
13.369899774188518	5.94675025e-10
13.374728535329789	5.67350175e-10
13.378779509441594	5.46497e-10
13.382733260174717	5.276212199999999e-10
13.387173127801255	5.0821281e-10
13.392034296735421	4.8808557e-10
13.396409348776173	4.7083365e-10
13.400168652751928	4.5845723e-10
13.404089995692155	4.4552269999999996e-10
13.408627086697377	4.3258816999999997e-10
13.413196585495493	4.1965364e-10
13.417182744021511	4.094538e-10
13.420877232411478	4.0083372e-10
13.424928206523282	3.9221363999999996e-10
13.429303258564032	3.8359355999999995e-10
13.43351627164031	3.7556368499999997e-10
13.437372798994748	3.6910082999999997e-10
13.441261734142083	3.6335606999999994e-10
13.445409931632572	3.5761130999999996e-10
13.449655352501743	3.5174649999999997e-10
13.453803549992232	3.4672155e-10
13.457724892932458	3.4241445e-10
13.461646235872687	3.3882520000000003e-10
13.465794433363175	3.3512153499999994e-10
13.470039854232347	3.3153350999999996e-10
13.474026012758365	3.27945485e-10
13.477817724527014	3.2579266999999997e-10
13.481771475260135	3.2363985499999995e-10
13.48588726495773	3.2137728e-10
13.48997064686243	3.192252e-10
13.493827174216868	3.1779048e-10
13.497683701571308	3.1635576e-10
13.50176708347601	3.1481348500000004e-10
13.505980096552287	3.13379255e-10
13.510063478456987	3.1266214e-10
13.514082044775895	3.11945025e-10
13.51826265005928	3.1112158e-10
13.522734925478712	3.1040471000000003e-10
13.527272016483934	3.1040471000000003e-10
13.531744291903369	3.0968784000000004e-10
13.536216567322803	3.09582e-10
13.540721250535128	3.09582e-10
13.545128710368774	3.09582e-10
13.549406539030839	3.1029862500000003e-10
13.553554736521328	3.1019254e-10
13.557767749597607	3.1090891999999996e-10
13.56217520943125	3.1090891999999996e-10
13.56677711602226	3.1090891999999996e-10
13.571573469370641	3.11518725e-10
13.576499453890596	3.11518725e-10
13.58136062282476	3.1223486e-10
13.586481054102084	3.1284392999999996e-10
13.592087602272821	3.1284392999999996e-10
13.59798582057961	3.1284392999999996e-10
13.604434971365606	3.1345251e-10
13.611597093595277	3.1345251e-10
13.619245332718366	3.140606e-10
13.627995436799866	3.140606e-10
13.637977037011355	3.13953045e-10
13.647991045015738	3.13953045e-10
13.657130042611971	3.1384549000000003e-10
13.667111642823459	3.1384549000000003e-10
13.677903437857308	3.1302327e-10
13.689732282263781	3.1291596e-10
13.702468544871296	3.1220153999999995e-10
13.716468711401697	3.12094475e-10
13.73464948321548	3.1116666e-10
13.754256197916618	3.0963296e-10
13.775774972398528	3.08813435e-10
13.79897895211095	3.079944e-10
13.824419069533088	3.0635780000000004e-10
13.851868470114681	3.0472315999999997e-10
13.88197530971362	3.0380196e-10
13.914480325986746	3.0227487500000004e-10
13.94403623310648	3.00645135e-10
13.976444026000925	2.9901735499999997e-10
14.011412034534029	2.97391535e-10
14.043236487156372	2.95767675e-10
14.078107272310794	2.94145775e-10
14.115765127654138	2.9252583500000003e-10
14.150020164743564	2.9020005e-10
14.187580796708225	2.8848456e-10
14.228090537826278	2.8687148e-10
14.264970606140155	2.8455426999999996e-10
14.305415531672422	2.829456e-10
14.349036420908343	2.8053627e-10
14.388735967204036	2.789325e-10
14.432259633061275	2.7723416e-10
14.479250932758218	2.7493165e-10
14.52199681158599	2.7253702000000003e-10
14.56882607231846	2.7084848e-10
14.619382229233793	2.68461935e-10
14.665401295143903	2.66873355e-10
14.707304571356419	2.6458677e-10
14.745383728007386	2.6300259999999997e-10
14.787157373048325	2.620275e-10
14.832236612964499	2.5965786000000004e-10
14.873264878768865	2.5808054999999997e-10
14.918214487513456	2.5641504e-10
14.966761361269333	2.5484214e-10
15.010900775191567	2.52486465e-10
15.059318017775864	2.5152484e-10
15.111559379921706	2.4926447e-10
15.159101612097857	2.47613415e-10
15.202366015611938	2.4535917e-10
15.249778616616508	2.44320125e-10
15.300950521596837	2.4207224999999997e-10
15.347520519986151	2.4043319999999995e-10
15.3985627937949	2.3741676000000004e-10
15.453656041715455	2.344062e-10
15.50379089732316	2.3140151999999994e-10
15.558754514072135	2.2840272e-10
15.618060775068967	2.2540979999999996e-10
15.672052158031109	2.2242276e-10
15.73119638006347	2.193632e-10
15.795039732065524	2.163889e-10
15.85314690472526	2.1342048e-10
15.916828217762841	2.1038248e-10
15.985565146491957	2.0735232e-10
16.048112186778233	2.0433e-10
16.10505267889377	2.0206840499999998e-10
16.167437680215578	1.9913159e-10
16.23478107385023	1.9612984999999998e-10
16.296064210213622	1.9320577500000002e-10
16.36321315709091	1.9021873499999996e-10
16.43570938979578	1.87239535e-10
16.501659248335972	1.8494314999999998e-10
16.573961034283478	1.8197864999999998e-10
16.651998999573298	1.7902199e-10
16.723036881597917	1.7607317e-10
16.78765802062944	1.738667e-10
16.858469048103796	1.7086912499999998e-10
16.934919031541792	1.6861193999999998e-10
17.00449856288616	1.6575328e-10
17.080754099566786	1.63448075e-10
17.163069893518674	1.60543355e-10
17.237964302897733	1.57646475e-10
17.320020834506465	1.553643e-10
17.408623740279875	1.5242675e-10
17.48925432900125	1.4955437e-10
17.577630380224395	1.4729596e-10
17.673006514712743	1.44385605e-10
17.75982699187696	1.4148505e-10
17.838804783160718	1.3930308e-10
17.925365997981775	1.37075785e-10
18.01879766489646	1.342012e-10
18.121206290442903	1.3128717e-10
18.231749272005846	1.2908511e-10
18.3323430611502	1.2619215e-10
18.442561964784204	1.2331095e-10
18.561595788085494	1.2044151e-10
18.669870224145832	1.18229895e-10
18.768422322337834	1.160712e-10
18.87640508826212	1.1323311999999998e-10
18.993008327096327	1.110487e-10
19.099079033239843	1.0891475e-10
19.215358194145107	1.0606736e-10
19.340841168232394	1.0391086999999999e-10
19.455046230392412	1.0176319999999999e-10
19.580205126550755	9.958588499999999e-11
19.715313215127686	9.678626999999999e-11
19.838268381369208	9.4668e-11
19.97298757643141	9.248652e-11
20.118433750941673	8.9724635e-11
20.250787177122582	8.763649999999999e-11
20.371246943311228	8.618169e-11
20.5032438837703	8.404357499999999e-11
20.645708541334272	8.194956e-11
20.775404528497834	7.989744e-11
20.917480292547076	7.84098e-11
21.070866376316477	7.634493999999999e-11
21.210446740312847	7.429036999999999e-11
21.36341152277462	7.218827e-11
21.528561635364706	7.012757499999998e-11
21.67883657101624	6.871416999999999e-11
21.84350056671291	6.664734999999999e-11
22.021257310738932	6.461997499999998e-11
22.183037012867995	6.3206325e-11
22.360307640000602	6.115053e-11
22.551675657042292	5.9372614e-11
22.76138648486224	5.7380347500000003e-11
23.015884882462302	5.5062133000000005e-11
23.28503160245066	5.2765576500000005e-11
23.560400618674745	5.0528016e-11
23.84866793647082	4.8371232000000004e-11
24.14445386221841	4.6236399999999996e-11
24.448860260875918	4.416213199999999e-11
24.761887132443352	4.2185815000000006e-11
25.082821505477025	4.02127075e-11
25.412376351420622	3.83576655e-11
25.75126464171782	3.6524575499999995e-11
26.099389152989932	3.4784316e-11
26.455907282621705	3.30897e-11
26.822795905979703	3.1471475e-11
27.200152246442606	2.99283915e-11
27.58428181562045	2.8405299999999997e-11
27.97865224735293	2.7009167499999997e-11
28.385985796243194	2.5619527499999997e-11
28.804208363545985	2.4301893e-11
29.234259775255257	2.2991976e-11
29.677079857364937	2.1804951e-11
30.132247308567397	2.0635615e-11
30.599762128862636	1.9474559999999997e-11
31.0817632325817	1.8432574999999998e-11
31.581394175635335	1.7398674999999997e-11
32.103548534750615	1.6374109499999998e-11
32.647610561862535	1.54165025e-11
33.20988576858113	1.44761435e-11
33.79160565103639	1.36340785e-11
34.39536283265988	1.2768223999999999e-11
35.01953692380687	1.1953010999999998e-11
35.66898909341151	1.1206667499999998e-11
36.34631196490539	1.0464243999999998e-11
37.0531259279332	9.77746e-12
37.79526438521596	9.106552e-12
38.5795329732615	8.484987000000001e-12
39.40852431550137	7.879052999999999e-12
40.2773772430014	7.280174999999999e-12
41.19062884676683	6.7388474999999995e-12
42.1531402957318	6.2051150000000005e-12
43.16750421332789	5.6875525e-12
44.24085031399186	5.2529225e-12
45.38549355902361	4.794944e-12
46.61148036422041	4.383539999999999e-12
47.92367189851643	3.981544000000001e-12
49.33081826599318	3.5901319999999997e-12
50.84037325901637	3.2496457000000003e-12
52.472105631251594	2.920302e-12
54.213700421399004	2.6187706999999998e-12
56.018166329761634	2.3497166e-12
57.868327226105414	2.11289715e-12
59.77422952622764	1.9014841999999997e-12
61.74786411349927	1.7111461500000002e-12
63.786314286559765	1.54460005e-12
65.8853670323329	1.3936335e-12
68.048587208037	1.2585846e-12
70.28278045017994	1.1392843e-12
72.58308558982756	1.0315872e-12
74.94885447112195	9.362513299999998e-13
77.34249405430555	8.5146222e-13
79.6081228555561	7.8387358e-13
81.6472211844745	7.2720606e-13
83.48247449608684	6.831420749999999e-13
85.13429969991664	6.453032949999999e-13
86.62084515998477	6.143681250000001e-13
87.9586388506674	5.8766288e-13
89.16291243462493	5.66604885e-13
90.24662902901512	5.4757353e-13
91.25483546596126	5.307875999999999e-13
92.24489353888652	5.158840049999999e-13
93.23495161181178	4.99973215e-13
94.22500968473703	4.860427600000001e-13
95.21474367973333	4.72446975e-13
96.20480175265858	4.6029081e-13
97.19485982558385	4.4724456e-13
98.1849178985091	4.34603295e-13
99.17497597143434	4.2364028e-13
99.8347986347652	4.1714876000000007e-13
