Radius_kpc	Emissivity
1.01999963278043	5.7614999999999996e-27
1.0607978032552452	5.2253e-27
1.101433934765588	4.7072e-27
1.140832088587363	4.1340999999999996e-27
1.1710005029928008	3.5397e-27
1.1877650542570963	3.2555e-27
1.2019240189726788	3.1065e-27
1.2203348861160124	2.8789e-27
1.2442648003892693	2.6194999999999997e-27
1.270064644312536	2.3349e-27
1.2929186198616978	2.1199000000000002e-27
1.317256872325425	1.9521e-27
1.3488998413075597	1.77623e-27
1.381421061477134	1.5892599999999999e-27
1.4066796952590632	1.47717e-27
1.4311086895428948	1.40951e-27
1.4628683265794495	1.3281e-27
1.4961835376749377	1.2435600000000001e-27
1.5242065561907632	1.18914e-27
1.5533184765478418	1.1528299999999999e-27
1.5911610563106837	1.11315e-27
1.6303064293478822	1.072e-27
1.662597554187906	1.0479799999999999e-27
1.6960391556756824	1.03357e-27
1.739510969064289	1.01733e-27
1.7852675318519542	1.00075e-27
1.8236837295490276	9.927e-28
1.8633217010382215	9.9054e-28
1.914850091740387	9.883500000000001e-28
1.9682775791061666	9.8489e-28
2.0120637480858496	9.8454e-28
2.0568772441002863	9.8829e-28
2.115133492607338	9.9246e-28
2.1727869561665534	9.9442e-28
2.217665267766779	9.9785e-28
2.264014893164412	1.00232e-27
2.3242707024930516	1.00652e-27
2.389290457377174	1.00913e-27
2.4480749529084047	1.01171e-27
2.500893173767769	1.01198e-27
2.558374876024644	1.0148100000000001e-27
2.6331040056599417	1.01428e-27
2.708312770630077	1.01031e-27
2.767829682280723	1.00708e-27
2.828889204873144	1.00592e-27
2.9082688527887943	9.9417e-28
2.988685550077067	9.8247e-28
3.054301608350447	9.724300000000001e-28
3.123446875270032	9.6617e-28
3.2133331296420606	9.4241e-28
3.304525418067736	9.2053e-28
3.3802300222691564	9.0152e-28
3.461443951262632	8.804400000000001e-28
3.5670285405127293	8.5026e-28
3.6736501791354486	8.1655e-28
3.7615401134651805	7.884200000000001e-28
3.855781975202222	7.575799999999999e-28
3.9612369332807416	7.2156e-28
4.0588816132717005	6.8843e-28
4.1487484229679925	6.5846e-28
4.250768154999701	6.2465e-28
4.364098206751571	5.8783e-28
4.469002232350885	5.5577e-28
4.566776543513421	5.2750999999999995e-28
4.678356574448991	4.9604e-28
4.800695992625515	4.6451e-28
4.91107693522399	4.4051e-28
5.0119299867114995	4.1994e-28
5.126232272250202	3.9909e-28
5.250807828136443	3.7936000000000004e-28
5.361545256456758	3.7179e-28
5.461199219607172	3.6443e-28
5.573654260950891	3.5641000000000003e-28
5.695086260926371	3.5597e-28
5.801156967069885	3.602e-28
5.8947830807419335	3.6528e-28
5.999233397240725	3.697e-28
6.104688355319245	3.7987e-28
6.188721762294537	3.9207000000000003e-28
6.263162462573074	3.9737e-28
6.333908674461645	3.9974e-28
6.399210377143949	4.0193e-28
6.471317716334086	3.9786999999999995e-28
6.547864923150762	3.9267e-28
6.613263849211749	3.8681e-28
6.681417437668765	3.6551e-28
6.754885904160468	3.4220000000000003e-28
6.820641315943294	3.1631999999999997e-28
6.891517159003443	2.8256699999999997e-28
6.968226404784589	2.45677e-28
7.036217954277133	2.12825e-28
7.098473324427359	1.8337800000000002e-28
7.16951120645198	1.51798e-28
7.248035288635216	1.22543e-28
7.316350916056704	1.01007e-28
7.385347107128975	8.205600000000001e-29
7.474987062275006	6.2467e-29
7.573312305916748	4.6833000000000003e-29
7.666776380624323	3.5824999999999997e-29
7.76250900083451	2.74991e-29
7.868871377114074	2.07794e-29
7.986965374421426	1.55913e-29
8.115689127798158	1.16347e-29
8.255625977516363	8.747699999999999e-30
8.411539869131532	6.5955e-30
8.592278130103846	4.9701e-30
8.780859076956613	3.878e-30
8.959976948284202	3.1823e-30
9.163011770767891	2.63246e-30
9.426940836100242	2.15398e-30
9.70195336660249	1.854e-30
9.936099670264845	1.71359e-30
10.151287415083951	1.63943e-30
10.348812912775584	1.62287e-30
10.499638780906327	1.64607e-30
10.609047489717968	1.68426e-30
10.72247476484852	1.70904e-30
10.869930222518239	1.76838e-30
11.016607893158492	1.87135e-30
11.1215443265507	1.97011e-30
11.19951747625473	2.04548e-30
11.283161989715289	2.12028e-30
11.39189013487615	2.22181e-30
11.499710861835961	2.3531700000000003e-30
11.577424749196839	2.46274e-30
11.63686064136525	2.56888e-30
11.701449372603873	2.65071e-30
11.785385556200483	2.6835299999999996e-30
11.86886803069657	2.78298e-30
11.929340972237602	2.8283e-30
11.975943378419812	2.9164400000000003e-30
12.026953244435665	2.9631000000000002e-30
12.093227180904803	2.91518e-30
12.159598340752623	2.94722e-30
12.20843688464455	2.9423999999999998e-30
12.246516041295521	2.9645e-30
12.288224870750671	2.9492699999999998e-30
12.342410700470182	2.8404200000000003e-30
12.397082647083106	2.77971e-30
12.437948873923	2.68881e-30
12.470291851231655	2.6365399999999997e-30
12.505972831208437	2.5515100000000002e-30
12.552380790633281	2.45908e-30
12.5995017215018	2.2807000000000002e-30
12.635539187200422	2.19806e-30
12.664771016391212	2.08744e-30
12.697243624871444	1.95607e-30
12.739470979012905	1.7749199999999998e-30
12.782443712390936	1.61237e-30
12.81478668969959	1.4613899999999999e-30
12.839611059056734	1.3516699999999998e-30
12.866185449230178	1.24182e-30
12.90076456424855	1.07219e-30
12.93628350526086	9.1703e-31
12.963570866877982	7.8789e-31
12.985057233566998	6.9409e-31
13.008390844450997	6.032599999999999e-31
13.033863369666031	5.0319e-31
13.055479367526626	4.2279e-31
13.072493458796208	3.597e-31
13.090285337095258	3.0413e-31
13.110216129725341	2.47665e-31
13.128137639195968	2.00586e-31
13.14275355379136	1.66494e-31
13.1559435254994	1.40072e-31
13.171110372573999	1.1397799999999999e-31
13.190781902860927	8.5978e-32
13.20990250066865	6.2635e-32
13.223060064583793	4.8963e-32
13.233236111552648	4.0255e-32
13.242180662391515	3.394e-32
13.249796493721709	2.88246e-32
13.257120654915854	2.4948299999999996e-32
13.265060564174991	2.08678e-32
13.27351899812044	1.75103e-32
13.281653354136948	1.4489599999999998e-32
13.28939881663872	1.2073300000000001e-32
13.296949832383124	1.01073e-32
13.30479251826358	8.3681e-33
13.313121321037451	6.7477e-33
13.321514939397112	5.4866e-33
13.329843742170985	4.4478e-33
13.338075321566173	3.5826e-33
13.346177269789782	2.88499e-33
13.352431973818414	2.4534800000000002e-33
13.35628850117285	2.18793e-33
13.359885766184131	1.97776e-33
13.36458489615383	1.7258699999999997e-33
13.369899774188518	1.49017e-33
13.374728535329789	1.3243e-33
13.378779509441594	1.16678e-33
13.382733260174717	1.05563e-33
13.387173127801255	9.2642e-34
13.392034296735421	8.066100000000001e-34
13.396409348776173	7.1297e-34
13.400168652751928	6.4806e-34
13.404089995692155	5.7586999999999996e-34
13.408627086697377	5.0794e-34
13.413196585495493	4.4596e-34
13.417182744021511	4.0338e-34
13.420877232411478	3.605e-34
13.424928206523282	3.2147999999999997e-34
13.429303258564032	2.8608e-34
13.43351627164031	2.5892199999999997e-34
13.437372798994748	2.33376e-34
13.441261734142083	2.11618e-34
13.445409931632572	1.9231499999999998e-34
13.449655352501743	1.7612e-34
13.453803549992232	1.6121199999999999e-34
13.457724892932458	1.49487e-34
13.461646235872687	1.39365e-34
13.465794433363175	1.30535e-34
13.470039854232347	1.23011e-34
13.474026012758365	1.17488e-34
13.477817724527014	1.13154e-34
13.481771475260135	1.09584e-34
13.48588726495773	1.06681e-34
13.48997064686243	1.04645e-34
13.493827174216868	1.0320799999999999e-34
13.497683701571308	1.02285e-34
13.50176708347601	1.01534e-34
13.505980096552287	1.01162e-34
13.510063478456987	1.01097e-34
13.514082044775895	1.01265e-34
13.51826265005928	1.01573e-34
13.522734925478712	1.02047e-34
13.527272016483934	1.02651e-34
13.531744291903369	1.0338600000000001e-34
13.536216567322803	1.04213e-34
13.540721250535128	1.05128e-34
13.545128710368774	1.06107e-34
13.549406539030839	1.07143e-34
13.553554736521328	1.08213e-34
13.557767749597607	1.092e-34
13.56217520943125	1.10225e-34
13.56677711602226	1.11216e-34
13.571573469370641	1.12267e-34
13.576499453890596	1.13369e-34
13.58136062282476	1.14493e-34
13.586481054102084	1.15494e-34
13.592087602272821	1.16548e-34
13.59798582057961	1.17577e-34
13.604434971365606	1.18535e-34
13.611597093595277	1.19532e-34
13.619245332718366	1.20476e-34
13.627995436799866	1.21316e-34
13.637977037011355	1.22156e-34
13.647991045015738	1.22961e-34
13.657130042611971	1.23494e-34
13.667111642823459	1.23743e-34
13.677903437857308	1.2423399999999999e-34
13.689732282263781	1.24366e-34
13.702468544871296	1.24606e-34
13.716468711401697	1.24581e-34
13.73464948321548	1.24638e-34
13.754256197916618	1.24683e-34
13.775774972398528	1.2442e-34
13.79897895211095	1.24224e-34
13.824419069533088	1.23911e-34
13.851868470114681	1.23675e-34
13.88197530971362	1.23346e-34
13.914480325986746	1.22973e-34
13.94403623310648	1.22552e-34
13.976444026000925	1.22154e-34
14.011412034534029	1.21878e-34
14.043236487156372	1.21509e-34
14.078107272310794	1.21047e-34
14.115765127654138	1.20629e-34
14.150020164743564	1.20053e-34
14.187580796708225	1.19358e-34
14.228090537826278	1.1870300000000001e-34
14.264970606140155	1.1801e-34
14.305415531672422	1.17327e-34
14.349036420908343	1.1665000000000001e-34
14.388735967204036	1.1593500000000001e-34
14.432259633061275	1.1523e-34
14.479250932758218	1.14513e-34
14.52199681158599	1.13769e-34
14.56882607231846	1.13033e-34
14.619382229233793	1.12295e-34
14.665401295143903	1.11603e-34
14.707304571356419	1.10956e-34
14.745383728007386	1.10371e-34
14.787157373048325	1.09861e-34
14.832236612964499	1.09393e-34
14.873264878768865	1.08792e-34
14.918214487513456	1.08192e-34
14.966761361269333	1.07637e-34
15.010900775191567	1.07024e-34
15.059318017775864	1.06383e-34
15.111559379921706	1.05746e-34
15.159101612097857	1.0507e-34
15.202366015611938	1.0439699999999998e-34
15.249778616616508	1.03819e-34
15.300950521596837	1.03218e-34
15.347520519986151	1.02435e-34
15.3985627937949	1.01176e-34
15.453656041715455	9.991e-35
15.50379089732316	9.8736e-35
15.558754514072135	9.7366e-35
15.618060775068967	9.6045e-35
15.672052158031109	9.4825e-35
15.73119638006347	9.3419e-35
15.795039732065524	9.204799999999999e-35
15.85314690472526	9.0793e-35
15.916828217762841	8.935299999999999e-35
15.985565146491957	8.7922e-35
16.048112186778233	8.662800000000001e-35
16.10505267889377	8.542099999999999e-35
16.167437680215578	8.4112e-35
16.23478107385023	8.2762e-35
16.296064210213622	8.156899999999999e-35
16.36321315709091	8.0179e-35
16.43570938979578	7.8798e-35
16.501659248335972	7.7573e-35
16.573961034283478	7.6177e-35
16.651998999573298	7.4762e-35
16.723036881597917	7.3493e-35
16.78765802062944	7.2336e-35
16.858469048103796	7.1021e-35
16.934919031541792	6.9736e-35
17.00449856288616	6.8578e-35
17.080754099566786	6.726800000000001e-35
17.163069893518674	6.5933e-35
17.237964302897733	6.4763e-35
17.320020834506465	6.344e-35
17.408623740279875	6.2065e-35
17.48925432900125	6.0867e-35
17.577630380224395	5.954000000000001e-35
17.673006514712743	5.8132e-35
17.75982699187696	5.691300000000001e-35
17.838804783160718	5.588499999999999e-35
17.925365997981775	5.4633e-35
18.01879766489646	5.3385e-35
18.121206290442903	5.2065e-35
18.231749272005846	5.0646e-35
18.3323430611502	4.942e-35
18.442561964784204	4.8112000000000003e-35
18.561595788085494	4.6691e-35
18.669870224145832	4.5474000000000003e-35
18.768422322337834	4.4403999999999995e-35
18.87640508826212	4.3258000000000003e-35
18.993008327096327	4.2012e-35
19.099079033239843	4.0955999999999995e-35
19.215358194145107	3.9851e-35
19.340841168232394	3.8616e-35
19.455046230392412	3.7578e-35
19.580205126550755	3.6498e-35
19.715313215127686	3.5290999999999997e-35
19.838268381369208	3.428e-35
19.97298757643141	3.3232e-35
20.118433750941673	3.206e-35
20.250787177122582	3.1083e-35
20.371246943311228	3.0227e-35
20.5032438837703	2.9321e-35
20.645708541334272	2.8327e-35
20.775404528497834	2.75e-35
20.917480292547076	2.6628999999999997e-35
21.070866376316477	2.5655999999999997e-35
21.210446740312847	2.48549e-35
21.36341152277462	2.40163e-35
21.528561635364706	2.30822e-35
21.67883657101624	2.23239e-35
21.84350056671291	2.15281e-35
22.021257310738932	2.06432e-35
22.183037012867995	1.99245e-35
22.360307640000602	1.91747e-35
22.551675657042292	1.83425e-35
22.76138648486224	1.75528e-35
23.015884882462302	1.65806e-35
23.28503160245066	1.56285e-35
23.560400618674745	1.47444e-35
23.84866793647082	1.3865399999999998e-35
24.14445386221841	1.3031699999999998e-35
24.448860260875918	1.2234499999999999e-35
24.761887132443352	1.14724e-35
25.082821505477025	1.07491e-35
25.412376351420622	1.00613e-35
25.75126464171782	9.4072e-36
26.099389152989932	8.7861e-36
26.455907282621705	8.200200000000001e-36
26.822795905979703	7.6448e-36
27.200152246442606	7.118e-36
27.58428181562045	6.626400000000001e-36
27.97865224735293	6.1641e-36
28.385985796243194	5.723500000000001e-36
28.804208363545985	5.3105e-36
29.234259775255257	4.9219e-36
29.677079857364937	4.5563e-36
30.132247308567397	4.2135e-36
30.599762128862636	3.8930999999999996e-36
31.0817632325817	3.5924e-36
31.581394175635335	3.3091000000000004e-36
32.103548534750615	3.0404e-36
32.647610561862535	2.7868000000000003e-36
33.20988576858113	2.5513999999999998e-36
33.79160565103639	2.3324500000000002e-36
34.39536283265988	2.12816e-36
35.01953692380687	1.93885e-36
35.66898909341151	1.76313e-36
36.34631196490539	1.59927e-36
37.0531259279332	1.44735e-36
37.79526438521596	1.30591e-36
38.5795329732615	1.1738199999999999e-36
39.40852431550137	1.05086e-36
40.2773772430014	9.382e-37
41.19062884676683	8.3528e-37
42.1531402957318	7.407600000000001e-37
43.16750421332789	6.5492999999999995e-37
44.24085031399186	5.7668e-37
45.38549355902361	5.0535e-37
46.61148036422041	4.4021e-37
47.92367189851643	3.814e-37
49.33081826599318	3.2852e-37
50.84037325901637	2.813e-37
52.472105631251594	2.39247e-37
54.213700421399004	2.02209e-37
56.018166329761634	1.7102400000000002e-37
57.868327226105414	1.4499499999999999e-37
59.77422952622764	1.23069e-37
61.74786411349927	1.04457e-37
63.786314286559765	8.8708e-38
65.8853670323329	7.5431e-38
68.048587208037	6.4221e-38
70.28278045017994	5.4714e-38
72.58308558982756	4.6665e-38
74.94885447112195	3.9874e-38
77.34249405430555	3.4171e-38
79.6081228555561	2.9645000000000003e-38
81.6472211844745	2.6257e-38
83.48247449608684	2.36082e-38
85.13429969991664	2.14925e-38
86.62084515998477	1.97845e-38
87.9586388506674	1.83907e-38
89.16291243462493	1.72378e-38
90.24662902901512	1.62775e-38
91.25483546596126	1.5452e-38
92.24489353888652	1.4688700000000002e-38
93.23495161181178	1.39709e-38
94.22500968473703	1.32971e-38
95.21474367973333	1.2663100000000002e-38
96.20480175265858	1.20671e-38
97.19485982558385	1.1506e-38
98.1849178985091	1.09777e-38
99.17497597143434	1.04804e-38
99.8347986347652	1.01092e-38
