Radius_kpc	number_density
1.01999963278043	4.2818400000000005e-06
1.0607978032552452	4.69125e-06
1.101433934765588	5.1374999999999995e-06
1.140832088587363	5.620500000000001e-06
1.1710005029928008	5.956140000000001e-06
1.1877650542570963	6.17925e-06
1.2019240189726788	6.3648000000000005e-06
1.2203348861160124	6.585920000000001e-06
1.2442648003892693	6.919000000000001e-06
1.270064644312536	7.25172e-06
1.2929186198616978	7.548740000000001e-06
1.317256872325425	7.880850000000001e-06
1.3488998413075597	8.32236e-06
1.381421061477134	8.802800000000002e-06
1.4066796952590632	9.170880000000001e-06
1.4311086895428948	9.538560000000001e-06
1.4628683265794495	1.0052100000000002e-05
1.4961835376749377	1.0567640000000001e-05
1.5242065561907632	1.100824e-05
1.5533184765478418	1.148553e-05
1.5911610563106837	1.2144780000000001e-05
1.6303064293478822	1.2802949999999999e-05
1.662597554187906	1.33524e-05
1.6960391556756824	1.3971620000000002e-05
1.739510969064289	1.4770979999999998e-05
1.7852675318519542	1.5609780000000003e-05
1.8236837295490276	1.637771e-05
1.8633217010382215	1.713552e-05
1.914850091740387	1.818677e-05
1.9682775791061666	1.9309400000000002e-05
2.0120637480858496	2.0219670000000004e-05
2.0568772441002863	2.1227830000000002e-05
2.115133492607338	2.2521620000000003e-05
2.1727869561665534	2.3818300000000005e-05
2.217665267766779	2.4862259999999998e-05
2.264014893164412	2.597776e-05
2.3242707024930516	2.751568e-05
2.389290457377174	2.9122380000000003e-05
2.4480749529084047	3.06235e-05
2.500893173767769	3.204834e-05
2.558374876024644	3.361566e-05
2.6331040056599417	3.573205e-05
2.708312770630077	3.77624e-05
2.767829682280723	3.95343e-05
2.828889204873144	4.1653e-05
2.9082688527887943	4.410300000000001e-05
2.988685550077067	4.656900000000001e-05
3.054301608350447	4.90416e-05
3.123446875270032	5.148e-05
3.2133331296420606	5.4613599999999995e-05
3.304525418067736	5.8109399999999996e-05
3.3802300222691564	6.12522e-05
3.461443951262632	6.470750000000001e-05
3.5670285405127293	6.95565e-05
3.6736501791354486	7.4404e-05
3.7615401134651805	7.88988e-05
3.855781975202222	8.40639e-05
3.9612369332807416	8.9916e-05
4.0588816132717005	9.57443e-05
4.1487484229679925	0.00010157760000000002
4.250768154999701	0.000109089
4.364098206751571	0.0001179696
4.469002232350885	0.0001268448
4.566776543513421	0.0001360333
4.678356574448991	0.0001478912
4.800695992625515	0.000162168
4.91107693522399	0.0001767757
5.0119299867114995	0.00019166980000000003
5.126232272250202	0.0002112227
5.250807828136443	0.0002359116
5.361545256456758	0.00026090360000000003
5.461199219607172	0.0002875095
5.573654260950891	0.000322044
5.695086260926371	0.00036572600000000003
5.801156967069885	0.000416264
5.8947830807419335	0.00046321600000000007
5.999233397240725	0.0005300880000000001
6.104688355319245	0.00061038
6.188721762294537	0.0006873580000000001
6.263162462573074	0.0007674870000000001
6.333908674461645	0.0008543810000000001
6.399210377143949	0.0009441600000000001
6.471317716334086	0.001053871
6.547864923150762	0.001186786
6.613263849211749	0.00130962
6.681417437668765	0.001448496
6.754885904160468	0.001603692
6.820641315943294	0.001748912
6.891517159003443	0.0019032300000000001
6.968226404784589	0.002063746
7.036217954277133	0.0021978000000000006
7.098473324427359	0.0023115699999999998
7.16951120645198	0.00242692
7.248035288635216	0.0025426050000000003
7.316350916056704	0.0026289340000000003
7.385347107128975	0.002704308
7.474987062275006	0.002787655
7.573312305916748	0.0028616170000000003
7.666776380624323	0.0029188560000000005
7.76250900083451	0.0029651200000000003
7.868871377114074	0.0030046140000000005
7.986965374421426	0.003039715
8.115689127798158	0.003067152
8.255625977516363	0.0030878969999999996
8.411539869131532	0.003103324
8.592278130103846	0.003113418
8.780859076956613	0.0031220640000000003
8.959976948284202	0.0031232
9.163011770767891	0.00312228
9.426940836100242	0.0031131609999999997
9.70195336660249	0.0031068860000000005
9.936099670264845	0.0030962190000000003
10.151287415083951	0.003086512
10.348812912775584	0.003078757
10.499638780906327	0.00307395
10.609047489717968	0.0030680100000000004
10.72247476484852	0.00306009
10.869930222518239	0.003053271
11.016607893158492	0.0030453430000000003
11.1215443265507	0.0030403879999999998
11.19951747625473	0.003035433
11.283161989715289	0.003030478
11.39189013487615	0.00302255
11.499710861835961	0.003016604
11.577424749196839	0.003013631
11.63686064136525	0.003009667
11.701449372603873	0.003005703
11.785385556200483	0.002999757
11.86886803069657	0.002995793
11.929340972237602	0.00299282
11.975943378419812	0.0029898470000000003
12.026953244435665	0.002986874
12.093227180904803	0.002981919
12.159598340752623	0.0029779550000000004
12.20843688464455	0.0029729700000000006
12.246516041295521	0.00297099
12.288224870750671	0.00296802
12.342410700470182	0.00296406
12.397082647083106	0.0029620799999999997
12.437948873923	0.00295711
12.470291851231655	0.002955132
12.505972831208437	0.002952165
12.552380790633281	0.002946216
12.5995017215018	0.00294424
12.635539187200422	0.002942264
12.664771016391212	0.0029373120000000005
12.697243624871444	0.002935338
12.739470979012905	0.0029294060000000003
12.782443712390936	0.0029244650000000002
12.81478668969959	0.002919528
12.839611059056734	0.002918544
12.866185449230178	0.002913612
12.90076456424855	0.0029086840000000004
12.93628350526086	0.0029008000000000003
12.963570866877982	0.002896861
12.985057233566998	0.002891946
13.008390844450997	0.0028850560000000004
13.033863369666031	0.002877196
13.055479367526626	0.0028703160000000004
13.072493458796208	0.00286344
13.090285337095258	0.0028565680000000003
13.110216129725341	0.00284675
13.128137639195968	0.0028369380000000002
13.14275355379136	0.002827132
13.1559435254994	0.002818288
13.171110372573999	0.0028084909999999998
13.190781902860927	0.00279186
13.20990250066865	0.0027703040000000003
13.223060064583793	0.0027526400000000006
13.233236111552648	0.0027399330000000004
13.242180662391515	0.0027252180000000006
13.249796493721709	0.0027125240000000004
13.257120654915854	0.002697814
13.265060564174991	0.0026821920000000003
13.27351899812044	0.0026645460000000003
13.281653354136948	0.002646
13.28939881663872	0.00262542
13.296949832383124	0.0026039540000000003
13.30479251826358	0.002583381
13.313121321037451	0.00255606
13.321514939397112	0.00252668
13.329843742170985	0.002493513
13.338075321566173	0.0024582690000000003
13.346177269789782	0.0024222000000000002
13.352431973818414	0.002389904
13.35628850117285	0.0023693520000000004
13.359885766184131	0.0023488000000000003
13.36458489615383	0.0023186500000000002
13.369899774188518	0.0022863650000000003
13.374728535329789	0.0022570150000000002
13.378779509441594	0.0022306
13.382733260174717	0.002203434
13.387173127801255	0.00217116
13.392034296735421	0.0021359520000000004
13.396409348776173	0.0021007440000000003
13.400168652751928	0.0020706979999999997
13.404089995692155	0.002035502
13.408627086697377	0.001997373
13.413196585495493	0.001959244
13.417182744021511	0.0019204600000000001
13.420877232411478	0.0018852760000000002
13.424928206523282	0.001844228
13.429303258564032	0.001800248
13.43351627164031	0.0017586
13.437372798994748	0.0017175659999999998
13.441261734142083	0.0016736009999999998
13.445409931632572	0.0016267050000000002
13.449655352501743	0.0015822000000000002
13.453803549992232	0.0015323900000000002
13.457724892932458	0.0014884400000000002
13.461646235872687	0.0014415600000000002
13.465794433363175	0.001391275
13.470039854232347	0.0013414820000000002
13.474026012758365	0.001294618
13.477817724527014	0.001247754
13.481771475260135	0.00120089
13.48588726495773	0.001150704
13.48997064686243	0.001103856
13.493827174216868	0.001057008
13.497683701571308	0.0010130879999999999
13.50176708347601	0.0009659100000000002
13.505980096552287	0.0009190780000000001
13.510063478456987	0.000875173
13.514082044775895	0.000834195
13.51826265005928	0.0007900200000000001
13.522734925478712	0.00074613
13.527272016483934	0.000705166
13.531744291903369	0.0006671280000000001
13.536216567322803	0.0006288750000000001
13.540721250535128	0.0005937750000000002
13.545128710368774	0.0005616000000000001
13.549406539030839	0.0005323500000000001
13.553554736521328	0.000505852
13.557767749597607	0.000479536
13.56217520943125	0.000456144
13.56677711602226	0.00043275199999999995
13.571573469370641	0.000412143
13.576499453890596	0.0003916820000000001
13.58136062282476	0.00037414400000000003
13.586481054102084	0.000356484
13.592087602272821	0.00034187400000000004
13.59798582057961	0.000327264
13.604434971365606	0.000315468
13.611597093595277	0.00030086299999999996
13.619245332718366	0.000291124
13.627995436799866	0.000280612
13.637977037011355	0.000271467
13.647991045015738	0.0002647533
13.657130042611971	0.00025911840000000005
13.667111642823459	0.000253866
13.677903437857308	0.00025027860000000003
13.689732282263781	0.00024611040000000004
13.702468544871296	0.0002440692
13.716468711401697	0.00024077900000000002
13.73464948321548	0.00023740950000000004
13.754256197916618	0.00023558080000000002
13.775774972398528	0.00023258890000000003
13.79897895211095	0.00023047200000000004
13.824419069533088	0.00022769640000000002
13.851868470114681	0.00022521500000000002
13.88197530971362	0.00022215600000000002
13.914480325986746	0.0002194668
13.94403623310648	0.00021699480000000003
13.976444026000925	0.00021365630000000002
14.011412034534029	0.00021090160000000003
14.043236487156372	0.00020843999999999998
14.078107272310794	0.00020511370000000003
14.115765127654138	0.00020237000000000006
14.150020164743564	0.0002002077
14.187580796708225	0.0001971138
14.228090537826278	0.00019438160000000002
14.264970606140155	0.0001919412
14.305415531672422	0.00018892800000000002
14.349036420908343	0.0001861419
14.388735967204036	0.00018371250000000003
14.432259633061275	0.0001803616
14.479250932758218	0.000177653
14.52199681158599	0.0001751737
14.56882607231846	0.00017184
14.619382229233793	0.0001690851
14.665401295143903	0.00016639380000000003
14.707304571356419	0.0001642775
14.745383728007386	0.00016216400000000001
14.787157373048325	0.0001594268
14.832236612964499	0.00015697990000000002
14.873264878768865	0.0001548768
14.918214487513456	0.000152154
14.966761361269333	0.00014977340000000002
15.010900775191567	0.000147628
15.059318017775864	0.0001449196
15.111559379921706	0.0001425502
15.159101612097857	0.0001404176
15.202366015611938	0.000138621
15.249778616616508	0.0001358825
15.300950521596837	0.0001338102
15.347520519986151	0.000131976
15.3985627937949	0.000129582
15.453656041715455	0.0001274742
15.50379089732316	0.00012593280000000002
15.558754514072135	0.000123552
15.618060775068967	0.0001214565
15.672052158031109	0.00011964540000000001
15.73119638006347	0.00011751600000000002
15.795039732065524	0.00011543350000000001
15.85314690472526	0.0001136344
15.916828217762841	0.0001112412
15.985565146491957	0.0001091328
16.048112186778233	0.00010730800000000001
16.10505267889377	0.0001058037
16.167437680215578	0.00010402500000000001
16.23478107385023	0.000101936
16.296064210213622	0.00010071880000000002
16.36321315709091	9.86391e-05
16.43570938979578	9.684090000000001e-05
16.501659248335972	9.532300000000001e-05
16.573961034283478	9.32589e-05
16.651998999573298	9.147510000000002e-05
16.723036881597917	8.997040000000001e-05
16.78765802062944	8.8776e-05
16.858469048103796	8.697300000000001e-05
16.934919031541792	8.520720000000001e-05
17.00449856288616	8.40224e-05
17.080754099566786	8.223460000000001e-05
17.163069893518674	8.07543e-05
17.237964302897733	7.954950000000001e-05
17.320020834506465	7.777700000000001e-05
17.408623740279875	7.628100000000001e-05
17.48925432900125	7.508780000000001e-05
17.577630380224395	7.333120000000001e-05
17.673006514712743	7.18497e-05
17.75982699187696	7.06418e-05
17.838804783160718	6.946380000000001e-05
17.925365997981775	6.82635e-05
18.01879766489646	6.680000000000001e-05
18.121206290442903	6.5317e-05
18.231749272005846	6.386400000000001e-05
18.3323430611502	6.265800000000001e-05
18.442561964784204	6.11919e-05
18.561595788085494	5.99961e-05
18.669870224145832	5.8541400000000015e-05
18.768422322337834	5.7640800000000006e-05
18.87640508826212	5.645899999999999e-05
18.993008327096327	5.528200000000001e-05
19.099079033239843	5.41305e-05
19.215358194145107	5.2942399999999996e-05
19.340841168232394	5.177980000000001e-05
19.455046230392412	5.0881600000000004e-05
19.580205126550755	4.94499e-05
19.715313215127686	4.85416e-05
19.838268381369208	4.7398400000000003e-05
19.97298757643141	4.6224e-05
20.118433750941673	4.532970000000001e-05
20.250787177122582	4.42015e-05
20.371246943311228	4.35879e-05
20.5032438837703	4.2434699999999995e-05
20.645708541334272	4.155760000000001e-05
20.775404528497834	4.07008e-05
20.917480292547076	3.9816000000000006e-05
21.070866376316477	3.89515e-05
21.210446740312847	3.80912e-05
21.36341152277462	3.72053e-05
21.528561635364706	3.63394e-05
21.67883657101624	3.54926e-05
21.84350056671291	3.48693e-05
22.021257310738932	3.3770500000000005e-05
22.183037012867995	3.316950000000001e-05
22.360307640000602	3.23004e-05
22.551675657042292	3.14502e-05
22.76138648486224	3.05802e-05
23.015884882462302	2.9450800000000006e-05
23.28503160245066	2.8571900000000007e-05
23.560400618674745	2.74505e-05
23.84866793647082	2.65776e-05
24.14445386221841	2.54772e-05
24.448860260875918	2.4612000000000004e-05
24.761887132443352	2.3766000000000003e-05
25.082821505477025	2.289535e-05
25.412376351420622	2.2024420000000004e-05
25.75126464171782	2.1209069999999998e-05
26.099389152989932	2.0412e-05
26.455907282621705	1.9628720000000002e-05
26.822795905979703	1.8877299999999996e-05
27.200152246442606	1.813506e-05
27.58428181562045	1.7424e-05
27.97865224735293	1.676544e-05
28.385985796243194	1.6085949999999998e-05
28.804208363545985	1.54584e-05
29.234259775255257	1.483216e-05
29.677079857364937	1.4214660000000002e-05
30.132247308567397	1.36477e-05
30.599762128862636	1.3082400000000002e-05
31.0817632325817	1.25255e-05
31.581394175635335	1.1991390000000001e-05
32.103548534750615	1.1480040000000001e-05
32.647610561862535	1.0977050000000002e-05
33.20988576858113	1.0482420000000003e-05
33.79160565103639	1.000524e-05
34.39536283265988	9.54168e-06
35.01953692380687	9.09571e-06
35.66898909341151	8.68155e-06
36.34631196490539	8.26609e-06
37.0531259279332	7.854619999999999e-06
37.79526438521596	7.4517900000000005e-06
38.5795329732615	7.0671600000000005e-06
39.40852431550137	6.708520000000001e-06
40.2773772430014	6.333539999999999e-06
41.19062884676683	5.9845300000000005e-06
42.1531402957318	5.65364e-06
43.16750421332789	5.31532e-06
44.24085031399186	5.008000000000001e-06
45.38549355902361	4.69403e-06
46.61148036422041	4.39845e-06
47.92367189851643	4.10633e-06
49.33081826599318	3.818390000000001e-06
50.84037325901637	3.5516e-06
52.472105631251594	3.2868e-06
54.213700421399004	3.0321200000000003e-06
56.018166329761634	2.7998399999999997e-06
57.868327226105414	2.5907700000000003e-06
59.77422952622764	2.40118e-06
61.74786411349927	2.21879e-06
63.786314286559765	2.05604e-06
65.8853670323329	1.9095e-06
68.048587208037	1.77008e-06
70.28278045017994	1.6358200000000002e-06
72.58308558982756	1.5175560000000001e-06
74.94885447112195	1.404816e-06
77.34249405430555	1.3072440000000001e-06
79.6081228555561	1.2293960000000004e-06
81.6472211844745	1.160826e-06
83.48247449608684	1.099725e-06
85.13429969991664	1.052181e-06
86.62084515998477	1.0164240000000002e-06
87.9586388506674	9.777000000000002e-07
89.16291243462493	9.49279e-07
90.24662902901512	9.23964e-07
91.25483546596126	8.9964e-07
92.24489353888652	8.81853e-07
93.23495161181178	8.58626e-07
94.22500968473703	8.36215e-07
95.21474367973333	8.19975e-07
96.20480175265858	7.980480000000001e-07
97.19485982558385	7.823520000000001e-07
98.1849178985091	7.61761e-07
99.17497597143434	7.47032e-07
99.8347986347652	7.371220000000002e-07
