Radius_kpc	Emissivity
1.01999963278043	4.2843e-26
1.0607978032552452	2.8894e-26
1.101433934765588	1.8555e-26
1.140832088587363	1.222e-26
1.1710005029928008	9.1841e-27
1.1877650542570963	8.2007e-27
1.2019240189726788	7.6567e-27
1.2203348861160124	6.9973e-27
1.2442648003892693	6.3061e-27
1.270064644312536	5.6558e-27
1.2929186198616978	5.2182e-27
1.317256872325425	4.8884e-27
1.3488998413075597	4.5199e-27
1.381421061477134	4.1691e-27
1.4066796952590632	3.9854e-27
1.4311086895428948	3.8635e-27
1.4628683265794495	3.7086e-27
1.4961835376749377	3.5508e-27
1.5242065561907632	3.4507e-27
1.5533184765478418	3.3764e-27
1.5911610563106837	3.2816e-27
1.6303064293478822	3.1835e-27
1.662597554187906	3.1258e-27
1.6960391556756824	3.084e-27
1.739510969064289	3.0279e-27
1.7852675318519542	2.9676e-27
1.8236837295490276	2.9334e-27
1.8633217010382215	2.9111e-27
1.914850091740387	2.8793e-27
1.9682775791061666	2.8448e-27
2.0120637480858496	2.8286e-27
2.0568772441002863	2.82e-27
2.115133492607338	2.805e-27
2.1727869561665534	2.7868e-27
2.217665267766779	2.7832e-27
2.264014893164412	2.7828e-27
2.3242707024930516	2.7793e-27
2.389290457377174	2.7749e-27
2.4480749529084047	2.7771e-27
2.500893173767769	2.781e-27
2.558374876024644	2.7865e-27
2.6331040056599417	2.793e-27
2.708312770630077	2.7985e-27
2.767829682280723	2.8079e-27
2.828889204873144	2.8169e-27
2.9082688527887943	2.8307e-27
2.988685550077067	2.8426e-27
3.054301608350447	2.856e-27
3.123446875270032	2.8673e-27
3.2133331296420606	2.8875e-27
3.304525418067736	2.9053e-27
3.3802300222691564	2.9236e-27
3.461443951262632	2.9424e-27
3.5670285405127293	2.9656e-27
3.6736501791354486	2.9904e-27
3.7615401134651805	3.0139e-27
3.855781975202222	3.0376e-27
3.9612369332807416	3.0638e-27
4.0588816132717005	3.0893e-27
4.1487484229679925	3.1129e-27
4.250768154999701	3.138e-27
4.364098206751571	3.1656e-27
4.469002232350885	3.1912e-27
4.566776543513421	3.2137e-27
4.678356574448991	3.2374e-27
4.800695992625515	3.2616e-27
4.91107693522399	3.2805e-27
5.0119299867114995	3.2958e-27
5.126232272250202	3.3081e-27
5.250807828136443	3.3196e-27
5.361545256456758	3.3165e-27
5.461199219607172	3.3136e-27
5.573654260950891	3.3067e-27
5.695086260926371	3.2885e-27
5.801156967069885	3.266e-27
5.8947830807419335	3.2429e-27
5.999233397240725	3.2152e-27
6.104688355319245	3.1799e-27
6.188721762294537	3.147e-27
6.263162462573074	3.1206e-27
6.333908674461645	3.0984e-27
6.399210377143949	3.0761e-27
6.471317716334086	3.0545e-27
6.547864923150762	3.0343e-27
6.613263849211749	3.0151e-27
6.681417437668765	3.009e-27
6.754885904160468	3.0051e-27
6.820641315943294	3.0085e-27
6.891517159003443	3.0203e-27
6.968226404784589	3.0406e-27
7.036217954277133	3.0661e-27
7.098473324427359	3.0956e-27
7.16951120645198	3.1345e-27
7.248035288635216	3.1806e-27
7.316350916056704	3.2251e-27
7.385347107128975	3.272e-27
7.474987062275006	3.3343e-27
7.573312305916748	3.4007e-27
7.666776380624323	3.4629e-27
7.76250900083451	3.5228e-27
7.868871377114074	3.5856e-27
7.986965374421426	3.6477e-27
8.115689127798158	3.7105e-27
8.255625977516363	3.7686e-27
8.411539869131532	3.822e-27
8.592278130103846	3.8697e-27
8.780859076956613	3.9065e-27
8.959976948284202	3.9284e-27
9.163011770767891	3.9355e-27
9.426940836100242	3.9256e-27
9.70195336660249	3.8972e-27
9.936099670264845	3.8554e-27
10.151287415083951	3.8028e-27
10.348812912775584	3.7461e-27
10.499638780906327	3.6982e-27
10.609047489717968	3.6571e-27
10.72247476484852	3.616e-27
10.869930222518239	3.5568e-27
11.016607893158492	3.4959e-27
11.1215443265507	3.4501e-27
11.19951747625473	3.415e-27
11.283161989715289	3.3767e-27
11.39189013487615	3.3266e-27
11.499710861835961	3.276e-27
11.577424749196839	3.2383e-27
11.63686064136525	3.2064e-27
11.701449372603873	3.1736e-27
11.785385556200483	3.1389e-27
11.86886803069657	3.0981e-27
11.929340972237602	3.071e-27
11.975943378419812	3.0442e-27
12.026953244435665	3.0178e-27
12.093227180904803	2.9929e-27
12.159598340752623	2.9602e-27
12.20843688464455	2.938e-27
12.246516041295521	2.9176e-27
12.288224870750671	2.8973e-27
12.342410700470182	2.8779e-27
12.397082647083106	2.8536e-27
12.437948873923	2.8395e-27
12.470291851231655	2.8253e-27
12.505972831208437	2.8115e-27
12.552380790633281	2.791e-27
12.5995017215018	2.7788e-27
12.635539187200422	2.7618e-27
12.664771016391212	2.7529e-27
12.697243624871444	2.7442e-27
12.739470979012905	2.7359e-27
12.782443712390936	2.7227e-27
12.81478668969959	2.7196e-27
12.839611059056734	2.7164e-27
12.866185449230178	2.7123e-27
12.90076456424855	2.7131e-27
12.93628350526086	2.7173e-27
12.963570866877982	2.7218e-27
12.985057233566998	2.7251e-27
13.008390844450997	2.7271e-27
13.033863369666031	2.7328e-27
13.055479367526626	2.7385e-27
13.072493458796208	2.7376e-27
13.090285337095258	2.7337e-27
13.110216129725341	2.7284e-27
13.128137639195968	2.7223e-27
13.14275355379136	2.7118e-27
13.1559435254994	2.6934e-27
13.171110372573999	2.6581e-27
13.190781902860927	2.6128e-27
13.20990250066865	2.5559e-27
13.223060064583793	2.5013e-27
13.233236111552648	2.4512e-27
13.242180662391515	2.4008e-27
13.249796493721709	2.3551e-27
13.257120654915854	2.3075e-27
13.265060564174991	2.2515e-27
13.27351899812044	2.1933e-27
13.281653354136948	2.13e-27
13.28939881663872	2.069e-27
13.296949832383124	2.0065e-27
13.30479251826358	1.9394e-27
13.313121321037451	1.8601e-27
13.321514939397112	1.7873e-27
13.329843742170985	1.7106e-27
13.338075321566173	1.6354e-27
13.346177269789782	1.5605e-27
13.352431973818414	1.5053e-27
13.35628850117285	1.4703e-27
13.359885766184131	1.4388e-27
13.36458489615383	1.3978e-27
13.369899774188518	1.3533e-27
13.374728535329789	1.3165e-27
13.378779509441594	1.2837e-27
13.382733260174717	1.2551e-27
13.387173127801255	1.2214e-27
13.392034296735421	1.1867e-27
13.396409348776173	1.1579e-27
13.400168652751928	1.1348e-27
13.404089995692155	1.1103e-27
13.408627086697377	1.0835e-27
13.413196585495493	1.0582e-27
13.417182744021511	1.0384e-27
13.420877232411478	1.0203e-27
13.424928206523282	1.0017e-27
13.429303258564032	9.8254e-28
13.43351627164031	9.6576e-28
13.437372798994748	9.5165e-28
13.441261734142083	9.3842e-28
13.445409931632572	9.2485e-28
13.449655352501743	9.1198e-28
13.453803549992232	9.0105e-28
13.457724892932458	8.9156e-28
13.461646235872687	8.8262e-28
13.465794433363175	8.7376e-28
13.470039854232347	8.6574e-28
13.474026012758365	8.5911e-28
13.477817724527014	8.5338e-28
13.481771475260135	8.4752e-28
13.48588726495773	8.4204e-28
13.48997064686243	8.3704e-28
13.493827174216868	8.3298e-28
13.497683701571308	8.2871e-28
13.50176708347601	8.2473e-28
13.505980096552287	8.2097e-28
13.510063478456987	8.178e-28
13.514082044775895	8.1487e-28
13.51826265005928	8.1205e-28
13.522734925478712	8.0892e-28
13.527272016483934	8.0611e-28
13.531744291903369	8.0361e-28
13.536216567322803	8.0126e-28
13.540721250535128	7.9913e-28
13.545128710368774	7.9718e-28
13.549406539030839	7.9565e-28
13.553554736521328	7.9374e-28
13.557767749597607	7.9166e-28
13.56217520943125	7.8908e-28
13.56677711602226	7.864e-28
13.571573469370641	7.835e-28
13.576499453890596	7.808e-28
13.58136062282476	7.7748e-28
13.586481054102084	7.7364e-28
13.592087602272821	7.6937e-28
13.59798582057961	7.6429e-28
13.604434971365606	7.5833e-28
13.611597093595277	7.517e-28
13.619245332718366	7.4398e-28
13.627995436799866	7.3473e-28
13.637977037011355	7.2432e-28
13.647991045015738	7.1481e-28
13.657130042611971	7.0481e-28
13.667111642823459	6.9474e-28
13.677903437857308	6.8369e-28
13.689732282263781	6.717e-28
13.702468544871296	6.5952e-28
13.716468711401697	6.4596e-28
13.73464948321548	6.2956e-28
13.754256197916618	6.1366e-28
13.775774972398528	5.9661e-28
13.79897895211095	5.8066e-28
13.824419069533088	5.6353e-28
13.851868470114681	5.4779e-28
13.88197530971362	5.3065e-28
13.914480325986746	5.1487e-28
13.94403623310648	5.0178e-28
13.976444026000925	4.8783e-28
14.011412034534029	4.7462e-28
14.043236487156372	4.6337e-28
14.078107272310794	4.5131e-28
14.115765127654138	4.3949e-28
14.150020164743564	4.2926e-28
14.187580796708225	4.1841e-28
14.228090537826278	4.0773e-28
14.264970606140155	3.9877e-28
14.305415531672422	3.8927e-28
14.349036420908343	3.7972e-28
14.388735967204036	3.7169e-28
14.432259633061275	3.6322e-28
14.479250932758218	3.5454e-28
14.52199681158599	3.4724e-28
14.56882607231846	3.3957e-28
14.619382229233793	3.3172e-28
14.665401295143903	3.2517e-28
14.707304571356419	3.195e-28
14.745383728007386	3.1446e-28
14.787157373048325	3.0946e-28
14.832236612964499	3.0381e-28
14.873264878768865	2.9891e-28
14.918214487513456	2.9401e-28
14.966761361269333	2.8863e-28
15.010900775191567	2.8391e-28
15.059318017775864	2.792e-28
15.111559379921706	2.7393e-28
15.159101612097857	2.6942e-28
15.202366015611938	2.6542e-28
15.249778616616508	2.6153e-28
15.300950521596837	2.569e-28
15.347520519986151	2.5294e-28
15.3985627937949	2.4877e-28
15.453656041715455	2.441e-28
15.50379089732316	2.4012e-28
15.558754514072135	2.3608e-28
15.618060775068967	2.3152e-28
15.672052158031109	2.2765e-28
15.73119638006347	2.2374e-28
15.795039732065524	2.193e-28
15.85314690472526	2.1554e-28
15.916828217762841	2.1171e-28
15.985565146491957	2.0736e-28
16.048112186778233	2.0369e-28
16.10505267889377	2.0047e-28
16.167437680215578	1.9715e-28
16.23478107385023	1.9338e-28
16.296064210213622	1.9013e-28
16.36321315709091	1.8689e-28
16.43570938979578	1.8318e-28
16.501659248335972	1.8003e-28
16.573961034283478	1.7685e-28
16.651998999573298	1.7316e-28
16.723036881597917	1.7008e-28
16.78765802062944	1.6725e-28
16.858469048103796	1.6451e-28
16.934919031541792	1.6129e-28
17.00449856288616	1.5854e-28
17.080754099566786	1.558e-28
17.163069893518674	1.5263e-28
17.237964302897733	1.4992e-28
17.320020834506465	1.4718e-28
17.408623740279875	1.4402e-28
17.48925432900125	1.4135e-28
17.577630380224395	1.386e-28
17.673006514712743	1.3547e-28
17.75982699187696	1.3302e-28
17.838804783160718	1.3057e-28
17.925365997981775	1.2823e-28
18.01879766489646	1.2547e-28
18.121206290442903	1.2283e-28
18.231749272005846	1.1978e-28
18.3323430611502	1.1726e-28
18.442561964784204	1.1465e-28
18.561595788085494	1.1167e-28
18.669870224145832	1.0924e-28
18.768422322337834	1.0707e-28
18.87640508826212	1.0483e-28
18.993008327096327	1.0227e-28
19.099079033239843	1.0018e-28
19.215358194145107	9.7967e-29
19.340841168232394	9.5456e-29
19.455046230392412	9.3418e-29
19.580205126550755	9.1265e-29
19.715313215127686	8.8822e-29
19.838268381369208	8.6842e-29
19.97298757643141	8.4749e-29
20.118433750941673	8.2371e-29
20.250787177122582	8.0447e-29
20.371246943311228	7.8724e-29
20.5032438837703	7.6948e-29
20.645708541334272	7.4928e-29
20.775404528497834	7.3257e-29
20.917480292547076	7.1499e-29
21.070866376316477	6.9518e-29
21.210446740312847	6.7881e-29
21.36341152277462	6.6175e-29
21.528561635364706	6.4276e-29
21.67883657101624	6.2703e-29
21.84350056671291	6.1063e-29
22.021257310738932	5.9227e-29
22.183037012867995	5.7712e-29
22.360307640000602	5.614e-29
22.551675657042292	5.4382e-29
22.76138648486224	5.2675e-29
23.015884882462302	5.056e-29
23.28503160245066	4.8468e-29
23.560400618674745	4.6523e-29
23.84866793647082	4.4563e-29
24.14445386221841	4.2673e-29
24.448860260875918	4.0845e-29
24.761887132443352	3.9074e-29
25.082821505477025	3.7348e-29
25.412376351420622	3.571e-29
25.75126464171782	3.4113e-29
26.099389152989932	3.2572e-29
26.455907282621705	3.1084e-29
26.822795905979703	2.9649e-29
27.200152246442606	2.8263e-29
27.58428181562045	2.694e-29
27.97865224735293	2.5669e-29
28.385985796243194	2.4433e-29
28.804208363545985	2.3247e-29
29.234259775255257	2.2103e-29
29.677079857364937	2.1004e-29
30.132247308567397	1.9946e-29
30.599762128862636	1.8931e-29
31.0817632325817	1.7954e-29
31.581394175635335	1.7007e-29
32.103548534750615	1.6082e-29
32.647610561862535	1.5188e-29
33.20988576858113	1.433e-29
33.79160565103639	1.3508e-29
34.39536283265988	1.272e-29
35.01953692380687	1.1961e-29
35.66898909341151	1.1236e-29
36.34631196490539	1.0535e-29
37.0531259279332	9.8626e-30
37.79526438521596	9.214e-30
38.5795329732615	8.5832e-30
39.40852431550137	7.9761e-30
40.2773772430014	7.3945e-30
41.19062884676683	6.8443e-30
42.1531402957318	6.3137e-30
43.16750421332789	5.8133e-30
44.24085031399186	5.3329e-30
45.38549355902361	4.8758e-30
46.61148036422041	4.4366e-30
47.92367189851643	4.0202e-30
49.33081826599318	3.6268e-30
50.84037325901637	3.2546e-30
52.472105631251594	2.9044e-30
54.213700421399004	2.5794e-30
56.018166329761634	2.2897e-30
57.868327226105414	2.0342e-30
59.77422952622764	1.8067e-30
61.74786411349927	1.6022e-30
63.786314286559765	1.4193e-30
65.8853670323329	1.257e-30
68.048587208037	1.1128e-30
70.28278045017994	9.8332e-31
72.58308558982756	8.6857e-31
74.94885447112195	7.6711e-31
77.34249405430555	6.7806e-31
79.6081228555561	6.0561e-31
81.6472211844745	5.4953e-31
83.48247449608684	5.0403e-31
85.13429969991664	4.6684e-31
86.62084515998477	4.3619e-31
87.9586388506674	4.1032e-31
89.16291243462493	3.8866e-31
90.24662902901512	3.7037e-31
91.25483546596126	3.541e-31
92.24489353888652	3.3863e-31
93.23495161181178	3.2388e-31
94.22500968473703	3.0992e-31
95.21474367973333	2.9667e-31
96.20480175265858	2.839e-31
97.19485982558385	2.7182e-31
98.1849178985091	2.6038e-31
99.17497597143434	2.4954e-31
99.8347986347652	2.4261e-31
