Radius_kpc	number_density
1.0176695124713193	9.09807e-06
1.0560435800376302	9.8794e-06
1.0982871380755375	1.086957e-05
1.1422191421232453	1.190842e-05
1.174801937099319	1.269048e-05
1.1910609267944612	1.305258e-05
1.2050189631940982	1.3416960000000001e-05
1.2231640864356974	1.3883350000000002e-05
1.2467537188835627	1.450372e-05
1.2733832023049272	1.5228030000000001e-05
1.2986094282939622	1.590224e-05
1.3260555880962663	1.667413e-05
1.3568235466702512	1.755264e-05
1.3853035150658881	1.832571e-05
1.4157311918144815	1.925442e-05
1.4552816622628606	2.0487090000000005e-05
1.4948839851798705	2.16736e-05
1.5253894406314104	2.265045e-05
1.555878692186503	2.3673650000000003e-05
1.5955199044549864	2.5007190000000003e-05
1.6381037443182855	2.6437460000000003e-05
1.6751815001688184	2.777185e-05
1.7140481661871245	2.914532e-05
1.7645783968681412	3.108000000000001e-05
1.8134104592014888	3.28676e-05
1.8496780202296608	3.4245260000000006e-05
1.8864641059441436	3.576256e-05
1.9342850451391849	3.7741530000000007e-05
1.9867727065110257	3.9922920000000005e-05
2.0354589337763485	4.194542e-05
2.079423345616951	4.3920970000000006e-05
2.1271178944197033	4.6081279999999994e-05
2.189120483785353	4.9048800000000004e-05
2.2509837196415563	5.1813e-05
2.299268090274988	5.43356e-05
2.3486348811910944	5.683200000000001e-05
2.41281527423925	6.03334e-05
2.4780975322458176	6.383750000000001e-05
2.531952802477804	6.683620000000001e-05
2.589100704467866	7.031100000000001e-05
2.663392328899089	7.528760000000001e-05
2.738008031259256	7.9756e-05
2.7992684821676224	8.422840000000001e-05
2.86513408044629	8.867250000000002e-05
2.9507587100526993	9.55773e-05
3.0368986235661306	0.0001024947
3.1073434429807825	0.0001084245
3.182565171068076	0.00011578200000000001
3.266770339345709	0.0001241422
3.3447758968426347	0.00013247520000000002
3.4162674879677772	0.00014080910000000002
3.497286970203886	0.0001515606
3.587024148728601	0.00016377040000000004
3.6695992050236432	0.000177003
3.7462112274261083	0.00019015959999999998
3.833550229276634	0.0002071656
3.928893955972087	0.00022761810000000005
4.01438571362763	0.00024903530000000004
4.092132008781399	0.00027142560000000004
4.1800219431111305	0.00029998720000000005
4.275236038635006	0.000335885
4.35920463002451	0.0003732003
4.43439070953962	0.000412931
4.518877825615434	0.00046461479999999997
4.609749276891454	0.0005332280000000001
4.688467805832057	0.0006008550000000001
4.757366773525645	0.0006781810000000001
4.833946388135215	0.00077433
4.916229774294207	0.000904518
4.983897245857805	0.001034541
5.03811548337021	0.0011547760000000002
5.087407736362659	0.0012847200000000003
5.142014867389796	0.001438074
5.198436834819023	0.0016252320000000005
5.245330911137282	0.0017930430000000002
5.294363901786576	0.001983897
5.347577497719252	0.002198832
5.395508623410135	0.002404182
5.447166645283878	0.0026273520000000003
5.503102495819688	0.002860165
5.552556787776608	0.0030595110000000004
5.597506396521202	0.0032297270000000004
5.648613485915739	0.003407823
5.704776191001811	0.0035814240000000006
5.756758290804497	0.0037211740000000003
5.813569151748458	0.003855039
5.875079142662112	0.003979014
5.933575208836582	0.004079696
5.997159298495481	0.004164125
6.070076832507979	0.004248288
6.148438875726744	0.004317040000000001
6.229847251477586	0.004376064000000001
6.316149203955489	0.004420680000000001
6.410877182585948	0.00445851
6.517012704315252	0.004491432
6.636727091267326	0.004517552
6.76263136666224	0.004534112
6.906392335941991	0.004542937
7.0646395886455595	0.0045525900000000005
7.213326542445268	0.004552821
7.378184984899303	0.0045500160000000005
7.592497719310258	0.004537572
7.812773487613791	0.004528992
7.995683070710031	0.004517752
8.158305375454349	0.00450846
8.339659384491657	0.0044941849999999995
8.494244556598153	0.004485266000000001
8.572671415402706	0.004484832
8.633273988115317	0.004478880000000001
8.712057332641708	0.004470943999999999
8.800109305935912	0.004463008
8.876688920545483	0.004457055999999999
8.936675745193098	0.004452096000000001
8.99044027360498	0.004447136
9.052241934654683	0.004441184
9.118677910088294	0.004435232
9.174257274902264	0.004431264000000001
9.218882805717913	0.004427296000000001
9.266295406722483	0.004423328000000001
9.31899047796885	0.004418368000000001
9.365690107529742	0.0044144
9.404125749902553	0.004411424000000001
9.4446678988135	0.004407456
9.48922861404336	0.004399049
9.527891110966435	0.004396076
9.559618340210093	0.004394093999999999
9.593419668198997	0.00439013
9.630980300163658	0.004387156999999999
9.664295511259146	0.004384184
9.691971766391001	0.00437778
9.721462857924946	0.00437481
9.754259544334122	0.00437184
9.783394150146226	0.004369860000000001
9.807829625988637	0.004363468
9.834015122647347	0.004360500999999999
9.863441398595501	0.004354116
9.890242643319208	0.00435214
9.91309013730979	0.004350164
9.937720059909568	0.0043428
9.965428722834316	0.004336428
9.99031790777725	0.0043344559999999996
10.010572778336277	0.004328090000000001
10.031573028131877	0.004321728
10.058892797541892	0.004314386999999999
10.085532003301125	0.004303647
10.103842406286486	0.00429828
10.11751849488794	0.004292915
10.132652934169645	0.004287552
10.15229205666368	0.0042768319999999995
10.171283023299823	0.00426174
10.184343363836282	0.004252009
10.194227740669088	0.00424666
10.205051943495832	0.004236936
10.219149333404916	0.00422284
10.233538393450049	0.004204375
10.244427411862581	0.004190292
10.252853438015137	0.004176215
10.26199243561137	0.004157772
10.273853687810737	0.0041349659999999995
10.286168649110625	0.0041078
10.29576135580738	0.0040815800000000005
10.303442002723365	0.004054432000000001
10.311770805497236	0.004027296
10.319645899170586	0.003992351999999999
10.324798738240803	0.003969603
10.328817304559713	0.003947768
10.333484026736514	0.003925933
10.339122982700147	0.003894472
10.345021201006935	0.00385866
10.350562933591885	0.003819375
10.355683364869208	0.003784455
10.360901019525214	0.0037443119999999996
10.36663719886753	0.003691944
10.372632640553	0.0036387420000000004
10.378109557552163	0.003582023
10.381901269320812	0.0035375820000000005
10.384299445995001	0.0035070480000000005
10.386762438254978	0.0034721520000000005
10.389938401958634	0.0034328940000000006
10.393568074762811	0.0033841360000000003
10.39684126184515	0.0033361650000000003
10.399498700862495	0.0033012770000000005
10.402123732086944	0.003257667
10.405267287997706	0.00320896
10.408540475080045	0.00315228
10.411392360854755	0.00310432
10.413920168700521	0.0030563599999999997
10.416642423303655	0.0030033509999999996
10.419623940249945	0.002946684
10.422670272782023	0.0028900170000000004
10.425360119592261	0.00283335
10.427920335230922	0.002781042
10.430707405419843	0.0027193919999999997
10.433688922366134	0.002654022
10.436475992555055	0.002588652
10.439036208193716	0.00252764
10.441628831625271	0.002461705
10.444577940778666	0.0023919930000000002
10.447559457724955	0.002317924
10.4502168967423	0.002252569
10.452712296795172	0.0021867120000000004
10.455434551398305	0.00211266
10.458448476137487	0.0020342520000000003
10.4613003619122	0.001964556
10.463795761965072	0.0018944250000000001
10.466291162017944	0.001824745
10.469143047792654	0.0017507100000000002
10.47202734136026	0.001676675
10.474652372584709	0.0016069950000000002
10.477115364844687	0.001541316
10.479772803862032	0.0014760060000000002
10.482657097429637	0.001406342
10.485476575411454	0.001336678
10.488134014428798	0.001275429
10.490823861239036	0.001210134
10.493740562599537	0.0011448390000000001
10.496786895131615	0.001079544
10.499800819870797	0.0010227200000000002
10.502749929024192	0.0009617920000000002
10.50579626155627	0.0009095680000000001
10.508777778502559	0.000857147
10.51169447986306	0.000809286
10.51454636563777	0.0007657759999999999
10.517333435826693	0.000730968
10.52015291380851	0.0006916499999999999
10.523134430754798	0.00065685
10.526245578872665	0.0006263999999999999
10.529518765955004	0.0005916
10.53285676862313	0.00056537
10.536162363498365	0.0005392760000000001
10.539662405130965	0.000513182
10.543486524692508	0.000491324
10.547505091011418	0.00046958400000000005
10.551977366430853	0.000452192
10.556935758743702	0.0004338306
10.562250636778392	0.0004181814
10.568375709635442	0.0004028742
10.575408200693536	0.00038974650000000007
10.582505507337418	0.0003797530000000001
10.588954658123413	0.00037228079999999995
10.596019556974401	0.000364896
10.603635388304596	0.00036046900000000003
10.611964191078467	0.0003547414
10.622820801698106	0.0003494505
10.634552422725895	0.000346766
10.64741831650499	0.000342781
10.664108329845629	0.00033785229999999997
10.682127062694937	0.00033473920000000004
10.70189581636055	0.00033068420000000005
10.723220144085094	0.000327066
10.746586162761986	0.000322152
10.771799425633864	0.000318108
10.794776550796024	0.0003145002
10.819924998082113	0.00030952679999999997
10.847082728527656	0.0003050626
10.871809874506116	0.0003018981
10.898870381572978	0.0002969408
10.928102210763765	0.0002929206
10.954709008730104	0.0002893352
10.983876022335103	0.00028482490000000007
11.015343989235607	0.0002807512
11.043992478154296	0.0002771776
11.075395629469012	0.0002726834
11.109261773043706	0.000268625
11.140113991879216	0.0002650632
11.173882912075225	0.00026009519999999997
11.210374086874369	0.0002560533
11.24355966679828	0.0002525043
11.2737637297759	0.00024932880000000005
11.306852086321129	0.0002448732
11.3425978818837	0.00024042359999999999
11.37513530594972	0.0002372625
11.404723620862347	0.0002345877
11.437131413756791	0.00023015300000000003
11.472131830082791	0.0002265777
11.503988690498028	0.00022343359999999997
11.538924291238239	0.0002194415
11.576582146581583	0.00021588060000000004
11.610901999256798	0.00021275000000000002
11.642110703814147	0.0002100982
11.676300925317786	0.0002060765
11.713213401424557	0.0002029588
11.746820282656095	0.00020031680000000003
11.777380831355556	0.00019805470000000002
11.810890489208411	0.00019452420000000002
11.84705758607861	0.0001918455
11.87995149586647	0.00018959360000000001
11.916021369357987	0.0001864989
11.954975536417106	0.0001834084
11.990397254050734	0.00018116670000000001
12.029221789938276	0.0001780418
12.071125066150792	0.0001753856
12.109269038387552	0.00017273300000000003
12.151075091221385	0.00016962270000000002
12.19618673893045	0.00016693849999999997
12.237279820320605	0.0001647184
12.282261836858094	0.000161623
12.330841118406864	0.0001585332
12.375045347914885	0.00015628700000000002
12.423494998292078	0.00015320760000000003
12.475768768230816	0.00015013380000000002
12.523375815992754	0.00014790120000000002
12.575519954759915	0.00014480310000000002
12.631812291017562	0.00014212880000000002
12.683016603790785	0.0001399104
12.729651417765888	0.00013769599999999998
12.78072609936753	0.00013507
12.835884162873873	0.00013283200000000002
12.886083834067367	0.00013063050000000002
12.941079858609239	0.0001279878
13.000418527398965	0.0001257952
13.054474725946896	0.00012357670000000002
13.11365135577215	0.00012095039999999999
13.177591931152888	0.00011874240000000002
13.23573151160552	0.0001165394
13.288653437402147	0.00011478060000000002
13.346663386683202	0.00011258660000000002
13.409275242555267	0.000110808
13.466248142463698	0.0001090334
13.52869795937129	0.00010682730000000002
13.596106168591733	0.00010465280000000002
13.657421712748022	0.0001028916
13.724635475211098	0.00010070189999999999
13.797196523501757	9.894959999999999e-05
13.863243605420633	9.7608e-05
13.92332765344693	9.586320000000001e-05
13.989180288608441	9.369359999999999e-05
14.060250578425956	9.193500000000002e-05
14.138158912544199	9.015890000000001e-05
14.222257135105279	8.800660000000001e-05
14.29877193412906	8.66665e-05
14.382643302139881	8.448300000000001e-05
14.47315826769406	8.272960000000002e-05
14.555538877231738	8.1002e-05
14.630530509989482	7.96796e-05
14.712651857184001	7.79415e-05
14.801351986336092	7.620899999999999e-05
14.882047390643258	7.489920000000002e-05
14.970488257452194	7.31584e-05
15.065961615319225	7.183890000000001e-05
15.152846908069229	7.01274e-05
15.248061003593103	6.879959999999999e-05
15.350826114861384	6.708200000000002e-05
15.444355005154748	6.57813e-05
15.546860854079876	6.445200000000001e-05
15.657501059021504	6.2752e-05
15.758192071544542	6.144979999999999e-05
15.868540606350122	6.0121600000000004e-05
15.987639245237203	5.8814500000000004e-05
16.096043312469114	5.752760000000001e-05
16.214817873427254	5.58288e-05
16.343055509910567	5.452470000000001e-05
16.459723564330563	5.32542e-05
16.587604715092038	5.1948000000000005e-05
16.725661912822368	5.0661599999999996e-05
16.85127451808123	4.93812e-05
16.965576803619935	4.8514e-05
17.090865330949853	4.76125e-05
17.251640391499187	4.5931600000000006e-05
17.429623990075473	4.46276e-05
17.61687621741957	4.294380000000001e-05
17.81621655151329	4.16472e-05
18.01925137399698	4.0359600000000006e-05
18.227730705686934	3.86984e-05
18.441492507618687	3.74205e-05
18.660698818756703	3.6216160000000005e-05
18.88538204689388	3.492072e-05
19.11518570630838	3.3699100000000004e-05
19.35088758402967	3.251478e-05
19.592552495643535	3.13492e-05
19.83985636322104	3.0220780000000006e-05
20.092896410140852	2.9129790000000003e-05
20.35209393771061	2.804868e-05
20.61757857710189	2.7012900000000004e-05
20.887081782812086	2.602188e-05
21.16329340165143	2.5067900000000004e-05
21.44835234795096	2.412312e-05
21.74021693075832	2.3222200000000003e-05
22.038822334487723	2.2358050000000002e-05
22.345270424097578	2.149644e-05
22.659755646345264	2.0650140000000004e-05
22.982083554473398	1.9874399999999997e-05
23.318638483682196	1.906208e-05
23.668901909285342	1.8298170000000002e-05
24.02827192469183	1.756548e-05
24.398822628646897	1.6841789999999998e-05
24.78107254583686	1.615968e-05
25.17466519053988	1.5481280000000002e-05
25.58092928226462	1.4807100000000001e-05
26.001679657413185	1.4173880000000002e-05
26.437985773151077	1.3545e-05
26.891273572365662	1.2952150000000003e-05
27.368154244807403	1.2364e-05
27.868206489168667	1.1807740000000002e-05
28.388286749538697	1.1230170000000001e-05
28.930274677905373	1.068858e-05
29.495563809363155	1.0178960000000001e-05
30.086843990722276	9.649199999999999e-06
30.705249494734055	9.18066e-06
31.352368303250305	8.689450000000002e-06
32.03484401381439	8.230370000000001e-06
32.75844521356153	7.77808e-06
33.521324658296734	7.330250000000001e-06
34.326982389652606	6.914399999999999e-06
35.179955498634364	6.5035099999999995e-06
36.08478107624723	6.100600000000001e-06
37.05215369414637	5.69925e-06
38.085638209550176	5.332e-06
39.17810490802187	4.971250000000001e-06
40.32242407512468	4.64324e-06
41.52572542529537	4.32157e-06
42.800323919833836	4.00678e-06
44.15205296146108	3.7213e-06
45.5896626542586	3.4425e-06
47.123523491952625	3.19145e-06
48.733218565019634	2.92971e-06
50.38828454813888	2.71707e-06
52.09325853231556	2.5123500000000006e-06
53.863372180210064	2.31684e-06
55.69765325803558	2.1452e-06
57.59156467478686	1.98016e-06
59.54867128768232	1.84e-06
61.57513057737188	1.6885000000000002e-06
63.66997031006872	1.5739700000000001e-06
65.82832931683866	1.4502400000000004e-06
68.05895770176322	1.346e-06
70.37319819235543	1.247076e-06
72.76100437281805	1.1557350000000001e-06
75.22302439900893	1.072286e-06
77.6513403205896	1.00011e-06
79.88618171859044	9.396920000000002e-07
81.89773342354854	8.908800000000002e-07
83.70770865670323	8.506260000000001e-07
85.33717248343585	8.161941e-07
86.80330103398047	7.87452e-07
88.12294636064223	7.64148e-07
89.31069197022359	7.436220000000001e-07
90.37950097988234	7.254207999999999e-07
91.38090178032066	7.085463000000001e-07
92.3709598532459	6.927779000000002e-07
93.36101792617116	6.775725000000001e-07
94.35107599909641	6.628442e-07
95.34080999409272	6.483436999999999e-07
96.33086806701797	6.3468e-07
97.32092613994323	6.213753000000001e-07
98.31098421286849	6.085102e-07
99.30104228579373	5.960832e-07
99.8979938309094	5.922605e-07
