Radius_kpc	Emissivity
1.0176695124713193	1.2256e-27
1.0560435800376302	1.4782e-27
1.0982871380755375	1.4315e-27
1.1422191421232453	1.4151e-27
1.174801937099319	1.4123e-27
1.1910609267944612	1.4161e-27
1.2050189631940982	1.419e-27
1.2231640864356974	1.421e-27
1.2467537188835627	1.4257e-27
1.2733832023049272	1.4303e-27
1.2986094282939622	1.4362e-27
1.3260555880962663	1.4429e-27
1.3568235466702512	1.4501e-27
1.3853035150658881	1.4572e-27
1.4157311918144815	1.4658e-27
1.4552816622628606	1.4761e-27
1.4948839851798705	1.4853e-27
1.5253894406314104	1.4937e-27
1.555878692186503	1.5023e-27
1.5955199044549864	1.5124e-27
1.6381037443182855	1.5228e-27
1.6751815001688184	1.5321e-27
1.7140481661871245	1.5422e-27
1.7645783968681412	1.5543e-27
1.8134104592014888	1.5656e-27
1.8496780202296608	1.5743e-27
1.8864641059441436	1.5835e-27
1.9342850451391849	1.5942e-27
1.9867727065110257	1.6063e-27
2.0354589337763485	1.6159e-27
2.079423345616951	1.6277e-27
2.1271178944197033	1.6373e-27
2.189120483785353	1.6522e-27
2.2509837196415563	1.6669e-27
2.299268090274988	1.6786e-27
2.3486348811910944	1.6887e-27
2.41281527423925	1.7042e-27
2.4780975322458176	1.72e-27
2.531952802477804	1.7329e-27
2.589100704467866	1.7436e-27
2.663392328899089	1.7625e-27
2.738008031259256	1.7808e-27
2.7992684821676224	1.7955e-27
2.86513408044629	1.8102e-27
2.9507587100526993	1.8291e-27
3.0368986235661306	1.8501e-27
3.1073434429807825	1.8667e-27
3.182565171068076	1.8828e-27
3.266770339345709	1.9015e-27
3.3447758968426347	1.9186e-27
3.4162674879677772	1.9334e-27
3.497286970203886	1.9483e-27
3.587024148728601	1.9648e-27
3.6695992050236432	1.9785e-27
3.7462112274261083	1.9895e-27
3.833550229276634	1.9992e-27
3.928893955972087	2.0082e-27
4.01438571362763	2.0125e-27
4.092132008781399	2.0145e-27
4.1800219431111305	2.0112e-27
4.275236038635006	2.0005e-27
4.35920463002451	1.9861e-27
4.43439070953962	1.9677e-27
4.518877825615434	1.9425e-27
4.609749276891454	1.9043e-27
4.688467805832057	1.8621e-27
4.757366773525645	1.8185e-27
4.833946388135215	1.7637e-27
4.916229774294207	1.6914e-27
4.983897245857805	1.62e-27
5.03811548337021	1.5567e-27
5.087407736362659	1.4923e-27
5.142014867389796	1.4189e-27
5.198436834819023	1.3339e-27
5.245330911137282	1.2567e-27
5.294363901786576	1.1758e-27
5.347577497719252	1.0839e-27
5.395508623410135	9.9979e-28
5.447166645283878	9.1049e-28
5.503102495819688	8.1681e-28
5.552556787776608	7.3804e-28
5.597506396521202	6.7108e-28
5.648613485915739	6.0052e-28
5.704776191001811	5.3117e-28
5.756758290804497	4.7408e-28
5.813569151748458	4.1833e-28
5.875079142662112	3.6686e-28
5.933575208836582	3.2463e-28
5.997159298495481	2.8494e-28
6.070076832507979	2.4675e-28
6.148438875726744	2.1292e-28
6.229847251477586	1.8402e-28
6.316149203955489	1.588e-28
6.410877182585948	1.3618e-28
6.517012704315252	1.1573e-28
6.636727091267326	9.7388e-29
6.76263136666224	8.2275e-29
6.906392335941991	6.8475e-29
7.0646395886455595	5.6859e-29
7.213326542445268	4.8338e-29
7.378184984899303	4.0629e-29
7.592497719310258	3.2816e-29
7.812773487613791	2.6864e-29
7.995683070710031	2.3035e-29
8.158305375454349	2.0202e-29
8.339659384491657	1.7479e-29
8.494244556598153	1.5582e-29
8.572671415402706	1.4814e-29
8.633273988115317	1.4202e-29
8.712057332641708	1.3412e-29
8.800109305935912	1.2583e-29
8.876688920545483	1.1935e-29
8.936675745193098	1.1468e-29
8.99044027360498	1.1061e-29
9.052241934654683	1.0598e-29
9.118677910088294	1.012e-29
9.174257274902264	9.7514e-30
9.218882805717913	9.4708e-30
9.266295406722483	9.1749e-30
9.31899047796885	8.854e-30
9.365690107529742	8.5845e-30
9.404125749902553	8.3733e-30
9.4446678988135	8.1525e-30
9.48922861404336	7.9096e-30
9.527891110966435	7.7103e-30
9.559618340210093	7.5527e-30
9.593419668198997	7.3846e-30
9.630980300163658	7.1984e-30
9.664295511259146	7.0393e-30
9.691971766391001	6.9126e-30
9.721462857924946	6.7765e-30
9.754259544334122	6.6226e-30
9.783394150146226	6.4924e-30
9.807829625988637	6.3846e-30
9.834015122647347	6.2689e-30
9.863441398595501	6.1381e-30
9.890242643319208	6.0119e-30
9.91309013730979	5.9155e-30
9.937720059909568	5.8122e-30
9.965428722834316	5.6879e-30
9.99031790777725	5.582e-30
10.010572778336277	5.4866e-30
10.031573028131877	5.3935e-30
10.058892797541892	5.2729e-30
10.085532003301125	5.1552e-30
10.103842406286486	5.0739e-30
10.11751849488794	5.0102e-30
10.132652934169645	4.9395e-30
10.15229205666368	4.855e-30
10.171283023299823	4.7645e-30
10.184343363836282	4.7027e-30
10.194227740669088	4.6578e-30
10.205051943495832	4.6027e-30
10.219149333404916	4.5382e-30
10.233538393450049	4.4708e-30
10.244427411862581	4.4192e-30
10.252853438015137	4.3747e-30
10.26199243561137	4.3322e-30
10.273853687810737	4.2727e-30
10.286168649110625	4.2074e-30
10.29576135580738	4.1573e-30
10.303442002723365	4.1129e-30
10.311770805497236	4.0604e-30
10.319645899170586	4.0176e-30
10.324798738240803	3.9805e-30
10.328817304559713	3.9573e-30
10.333484026736514	3.9279e-30
10.339122982700147	3.8907e-30
10.345021201006935	3.8483e-30
10.350562933591885	3.8092e-30
10.355683364869208	3.7736e-30
10.360901019525214	3.7334e-30
10.36663719886753	3.685e-30
10.372632640553	3.6325e-30
10.378109557552163	3.5824e-30
10.381901269320812	3.5444e-30
10.384299445995001	3.5154e-30
10.386762438254978	3.4878e-30
10.389938401958634	3.4474e-30
10.393568074762811	3.4059e-30
10.39684126184515	3.3669e-30
10.399498700862495	3.3315e-30
10.402123732086944	3.2949e-30
10.405267287997706	3.2514e-30
10.408540475080045	3.2047e-30
10.411392360854755	3.1639e-30
10.413920168700521	3.123e-30
10.416642423303655	3.0778e-30
10.419623940249945	3.0266e-30
10.422670272782023	2.9753e-30
10.425360119592261	2.9277e-30
10.427920335230922	2.8775e-30
10.430707405419843	2.8227e-30
10.433688922366134	2.7651e-30
10.436475992555055	2.708e-30
10.439036208193716	2.6522e-30
10.441628831625271	2.5933e-30
10.444577940778666	2.5286e-30
10.447559457724955	2.4617e-30
10.4502168967423	2.3993e-30
10.452712296795172	2.3362e-30
10.455434551398305	2.2669e-30
10.458448476137487	2.1948e-30
10.4613003619122	2.126e-30
10.463795761965072	2.0601e-30
10.466291162017944	1.9915e-30
10.469143047792654	1.9181e-30
10.47202734136026	1.8464e-30
10.474652372584709	1.779e-30
10.477115364844687	1.7133e-30
10.479772803862032	1.6444e-30
10.482657097429637	1.5735e-30
10.485476575411454	1.5052e-30
10.488134014428798	1.4399e-30
10.490823861239036	1.3739e-30
10.493740562599537	1.3054e-30
10.496786895131615	1.2388e-30
10.499800819870797	1.1757e-30
10.502749929024192	1.1143e-30
10.50579626155627	1.0553e-30
10.508777778502559	1.0007e-30
10.51169447986306	9.4997e-31
10.51454636563777	9.0312e-31
10.517333435826693	8.6088e-31
10.52015291380851	8.2e-31
10.523134430754798	7.8231e-31
10.526245578872665	7.4477e-31
10.529518765955004	7.1015e-31
10.53285676862313	6.779e-31
10.536162363498365	6.4938e-31
10.539662405130965	6.2119e-31
10.543486524692508	5.954e-31
10.547505091011418	5.7161e-31
10.551977366430853	5.4852e-31
10.556935758743702	5.2781e-31
10.562250636778392	5.0881e-31
10.568375709635442	4.9071e-31
10.575408200693536	4.7483e-31
10.582505507337418	4.6241e-31
10.588954658123413	4.522e-31
10.596019556974401	4.4259e-31
10.603635388304596	4.367e-31
10.611964191078467	4.2842e-31
10.622820801698106	4.2125e-31
10.634552422725895	4.16e-31
10.64741831650499	4.0923e-31
10.664108329845629	4.0123e-31
10.682127062694937	3.9436e-31
10.70189581636055	3.8644e-31
10.723220144085094	3.789e-31
10.746586162761986	3.7014e-31
10.771799425633864	3.617e-31
10.794776550796024	3.5438e-31
10.819924998082113	3.4567e-31
10.847082728527656	3.3717e-31
10.871809874506116	3.2999e-31
10.898870381572978	3.215e-31
10.928102210763765	3.133e-31
10.954709008730104	3.0635e-31
10.983876022335103	2.9816e-31
11.015343989235607	2.9012e-31
11.043992478154296	2.8326e-31
11.075395629469012	2.7521e-31
11.109261773043706	2.6733e-31
11.140113991879216	2.6061e-31
11.173882912075225	2.5277e-31
11.210374086874369	2.4509e-31
11.24355966679828	2.3856e-31
11.2737637297759	2.3299e-31
11.306852086321129	2.2594e-31
11.3425978818837	2.1923e-31
11.37513530594972	2.1357e-31
11.404723620862347	2.0876e-31
11.437131413756791	2.0254e-31
11.472131830082791	1.9682e-31
11.503988690498028	1.9194e-31
11.538924291238239	1.8611e-31
11.576582146581583	1.8054e-31
11.610901999256798	1.7577e-31
11.642110703814147	1.7173e-31
11.676300925317786	1.6654e-31
11.713213401424557	1.6178e-31
11.746820282656095	1.5769e-31
11.777380831355556	1.5421e-31
11.810890489208411	1.4979e-31
11.84705758607861	1.4569e-31
11.87995149586647	1.4225e-31
11.916021369357987	1.3817e-31
11.954975536417106	1.3421e-31
11.990397254050734	1.3085e-31
12.029221789938276	1.2688e-31
12.071125066150792	1.2303e-31
12.109269038387552	1.1976e-31
12.151075091221385	1.1592e-31
12.19618673893045	1.1221e-31
12.237279820320605	1.0906e-31
12.282261836858094	1.054e-31
12.330841118406864	1.0184e-31
12.375045347914885	9.8826e-32
12.423494998292078	9.5339e-32
12.475768768230816	9.195e-32
12.523375815992754	8.9093e-32
12.575519954759915	8.5801e-32
12.631812291017562	8.2596e-32
12.683016603790785	7.9894e-32
12.729651417765888	7.7504e-32
12.78072609936753	7.4797e-32
12.835884162873873	7.2147e-32
12.886083834067367	6.9968e-32
12.941079858609239	6.7326e-32
13.000418527398965	6.482e-32
13.054474725946896	6.276e-32
13.11365135577215	6.0274e-32
13.177591931152888	5.792e-32
13.23573151160552	5.5915e-32
13.288653437402147	5.4242e-32
13.346663386683202	5.2225e-32
13.409275242555267	5.0294e-32
13.466248142463698	4.8702e-32
13.52869795937129	4.6801e-32
13.596106168591733	4.4991e-32
13.657421712748022	4.3489e-32
13.724635475211098	4.1713e-32
13.797196523501757	4.0023e-32
13.863243605420633	3.8766e-32
13.92332765344693	3.7363e-32
13.989180288608441	3.5927e-32
14.060250578425956	3.4556e-32
14.138158912544199	3.3037e-32
14.222257135105279	3.1549e-32
14.29877193412906	3.0431e-32
14.382643302139881	2.8951e-32
14.47315826769406	2.7635e-32
14.555538877231738	2.6495e-32
14.630530509989482	2.5488e-32
14.712651857184001	2.4414e-32
14.801351986336092	2.3318e-32
14.882047390643258	2.2488e-32
14.970488257452194	2.1421e-32
15.065961615319225	2.0461e-32
15.152846908069229	1.9608e-32
15.248061003593103	1.8697e-32
15.350826114861384	1.782e-32
15.444355005154748	1.7046e-32
15.546860854079876	1.6221e-32
15.657501059021504	1.5427e-32
15.758192071544542	1.4745e-32
15.868540606350122	1.3996e-32
15.987639245237203	1.328e-32
16.096043312469114	1.2661e-32
16.214817873427254	1.2002e-32
16.343055509910567	1.1367e-32
16.459723564330563	1.0813e-32
16.587604715092038	1.0237e-32
16.725661912822368	9.6648e-33
16.85127451808123	9.1751e-33
16.965576803619935	8.7714e-33
17.090865330949853	8.3238e-33
17.251640391499187	7.7797e-33
17.429623990075473	7.2561e-33
17.61687621741957	6.7405e-33
17.81621655151329	6.2444e-33
18.01925137399698	5.7831e-33
18.227730705686934	5.3514e-33
18.441492507618687	4.9483e-33
18.660698818756703	4.5723e-33
18.88538204689388	4.2222e-33
19.11518570630838	3.8967e-33
19.35088758402967	3.5934e-33
19.592552495643535	3.3117e-33
19.83985636322104	3.0504e-33
20.092896410140852	2.808e-33
20.35209393771061	2.5832e-33
20.61757857710189	2.3743e-33
20.887081782812086	2.1835e-33
21.16329340165143	2.0062e-33
21.44835234795096	1.8412e-33
21.74021693075832	1.6889e-33
22.038822334487723	1.5483e-33
22.345270424097578	1.4183e-33
22.659755646345264	1.2984e-33
22.982083554473398	1.1881e-33
23.318638483682196	1.0842e-33
23.668901909285342	9.8786e-34
24.02827192469183	8.9942e-34
24.398822628646897	8.1795e-34
24.78107254583686	7.4305e-34
25.17466519053988	6.7434e-34
25.58092928226462	6.1123e-34
26.001679657413185	5.5324e-34
26.437985773151077	4.9988e-34
26.891273572365662	4.5097e-34
27.368154244807403	4.0547e-34
27.868206489168667	3.6364e-34
28.388286749538697	3.2552e-34
28.930274677905373	2.9078e-34
29.495563809363155	2.5918e-34
30.086843990722276	2.3045e-34
30.705249494734055	2.0441e-34
31.352368303250305	1.8088e-34
32.03484401381439	1.5945e-34
32.75844521356153	1.4e-34
33.521324658296734	1.2251e-34
34.326982389652606	1.0682e-34
35.179955498634364	9.2762e-35
36.08478107624723	8.0227e-35
37.05215369414637	6.9011e-35
38.085638209550176	5.9055e-35
39.17810490802187	5.0371e-35
40.32242407512468	4.2873e-35
41.52572542529537	3.6394e-35
42.800323919833836	3.0778e-35
44.15205296146108	2.5927e-35
45.5896626542586	2.1748e-35
47.123523491952625	1.8162e-35
48.733218565019634	1.515e-35
50.38828454813888	1.2667e-35
52.09325853231556	1.0607e-35
53.863372180210064	8.8864e-36
55.69765325803558	7.4508e-36
57.59156467478686	6.2574e-36
59.54867128768232	5.2627e-36
61.57513057737188	4.4305e-36
63.66997031006872	3.7354e-36
65.82832931683866	3.1565e-36
68.05895770176322	2.6714e-36
70.37319819235543	2.2628e-36
72.76100437281805	1.9202e-36
75.22302439900893	1.6344e-36
77.6513403205896	1.4053e-36
79.88618171859044	1.2309e-36
81.89773342354854	1.0974e-36
83.70770865670323	9.9311e-37
85.33717248343585	9.1017e-37
86.80330103398047	8.4321e-37
88.12294636064223	7.8962e-37
89.31069197022359	7.4426e-37
90.37950097988234	7.0615e-37
91.38090178032066	6.7219e-37
92.3709598532459	6.4038e-37
93.36101792617116	6.1046e-37
94.35107599909641	5.8218e-37
95.34080999409272	5.5524e-37
96.33086806701797	5.2937e-37
97.32092613994323	5.0427e-37
98.31098421286849	4.7942e-37
99.30104228579373	4.5322e-37
99.8979938309094	4.2242e-37
